Term ID,Term Name,Term Database,P-value,FDR,Fold Enrichment,Overlap Count,Total Term Genes (Human),Overlapping Genes,Full Term Gene List,subfamily_name,class_name,n_foreground_genes
GO:0005515,protein binding,MF,9.557293813173508e-07,0.01791610298217506,0.6653296381379722,75,13442,"['ABCB11', 'AKR1B1', 'ANKRD17', 'ANKRD33', 'ARFGEF1', 'ARHGAP22', 'ARHGAP6', 'AZGP1', 'C1orf94', 'CAT', 'CD8B', 'CDKL2', 'CES1', 'CLDN20', 'CLGN', 'CLPSL2', 'DCD', 'DDX60', 'DIS3L', 'DYNC2H1', 'FAM241B', 'FBH1', 'FETUB', 'GOLGA7B', 'GPM6B', 'GPRASP1', 'GRID2IP', 'GSDME', 'H1-1', 'HAUS5', 'HEG1', 'HPCAL1', 'IFIT1B', 'INPP4B', 'ITGB6', 'KRTAP10-7', 'KSR2', 'LINGO2', 'LUZP1', 'MED7', 'MMP2', 'NGLY1', 'NSMCE2', 'PARP1', 'PIP', 'PLCB1', 'POC5', 'PRPS1', 'PTGFRN', 'PYY', 'RBP4', 'RBP7', 'RCHY1', 'RFESD', 'RIN3', 'RTP3', 'SHPRH', 'SOWAHB', 'STAB2', 'SYCE3', 'TBCCD1', 'TEX35', 'TF', 'THAP6', 'THRB', 'TLR4', 'TMCC1', 'TOB1', 'TOPBP1', 'TRIM16', 'TRIM16L', 'WASHC5', 'YWHAZ', 'ZBTB38', 'ZHX3']","['A1CF', 'A2M', 'AAAS', 'AACS', 'AADAC', 'AAGAB', 'AAK1', 'AAMDC', 'AAMP', 'AANAT', 'AAR2', 'AARD', 'AARS2', 'AARSD1', 'AASDHPPT', 'AATF', 'AATK', 'ABCA1', 'ABCA12', 'ABCA7', 'ABCB1', 'ABCB10', 'ABCB11', 'ABCB4', 'ABCB7', 'ABCB8', 'ABCB9', 'ABCC2', 'ABCC4', 'ABCC8', 'ABCD1', 'ABCD2', 'ABCD3', 'ABCD4', 'ABCE1', 'ABCF1', 'ABCF3', 'ABCG1', 'ABCG2', 'ABCG4', 'ABCG5', 'ABCG8', 'ABHD1', 'ABHD10', 'ABHD11', 'ABHD12B', 'ABHD14B', 'ABHD15', 'ABHD16A', 'ABHD17A', 'ABHD17C', 'ABHD4', 'ABHD5', 'ABHD6', 'ABHD8', 'ABI1', 'ABI2', 'ABI3', 'ABITRAM', 'ABL1', 'ABL2', 'ABLIM1', 'ABLIM2', 'ABLIM3', 'ABR', 'ABRA', 'ABRAXAS1', 'ABRAXAS2', 'ABT1', 'ABTB1', 'ABTB2', 'ACAA1', 'ACAA2', 'ACACA', 'ACACB', 'ACAD11', 'ACAD8', 'ACAD9', 'ACADL', 'ACADS', 'ACADVL', 'ACAN', 'ACAP1', 'ACAP2', 'ACAP3', 'ACAT2', 'ACBD3', 'ACBD4', 'ACBD5', 'ACBD6', 'ACBD7', 'ACCS', 'ACD', 'ACE', 'ACE2', 'ACER1', 'ACER2', 'ACHE', 'ACIN1', 'ACKR1', 'ACKR2', 'ACKR3', 'ACKR4', 'ACLY', 'ACMSD', 'ACO1', 'ACOT1', 'ACOT11', 'ACOT12', 'ACOT13', 'ACOT2', 'ACOT7', 'ACOT8', 'ACOX1', 'ACOX2', 'ACP1', 'ACP2', 'ACP3', 'ACR', 'ACRV1', 'ACSF2', 'ACSF3', 'ACSL3', 'ACSL5', 'ACSL6', 'ACSM1', 'ACSM2B', 'ACSM3', 'ACSS1', 'ACSS2', 'ACSS3', 'ACTA1', 'ACTA2', 'ACTB', 'ACTBL2', 'ACTC1', 'ACTG1', 'ACTL6A', 'ACTL7A', 'ACTL8', 'ACTL9', 'ACTMAP', 'ACTN1', 'ACTN2', 'ACTN3', 'ACTN4', 'ACTR10', 'ACTR1A', 'ACTR1B', 'ACTR2', 'ACTR3', 'ACTR3B', 'ACTR5', 'ACTR6', 'ACTR8', 'ACTRT2', 'ACTRT3', 'ACVR1', 'ACVR1B', 'ACVR2A', 'ACVR2B', 'ACVRL1', 'ACY1', 'ACY3', 'ACYP2', 'ADA', 'ADAM10', 'ADAM12', 'ADAM15', 'ADAM17', 'ADAM19', 'ADAM21', 'ADAM22', 'ADAM23', 'ADAM28', 'ADAM32', 'ADAM33', 'ADAM8', 'ADAM9', 'ADAMTS1', 'ADAMTS10', 'ADAMTS12', 'ADAMTS13', 'ADAMTS3', 'ADAMTS4', 'ADAMTS5', 'ADAMTS7', 'ADAMTSL2', 'ADAMTSL3', 'ADAMTSL4', 'ADAMTSL5', 'ADAP1', 'ADAP2', 'ADAR', 'ADARB1', 'ADAT2', 'ADAT3', 'ADCK2', 'ADCK5', 'ADCY4', 'ADCY6', 'ADCY9', 'ADCYAP1', 'ADCYAP1R1', 'ADD1', 'ADD2', 'ADGRA1', 'ADGRA2', 'ADGRA3', 'ADGRB1', 'ADGRB2', 'ADGRB3', 'ADGRD1', 'ADGRE2', 'ADGRE5', 'ADGRF1', 'ADGRF4', 'ADGRF5', 'ADGRG1', 'ADGRG2', 'ADGRG3', 'ADGRG7', 'ADGRL1', 'ADGRL3', 'ADGRV1', 'ADH1A', 'ADH1B', 'ADH1C', 'ADH4', 'ADI1', 'ADIPOQ', 'ADIPOR1', 'ADIPOR2', 'ADIRF', 'ADISSP', 'ADNP', 'ADNP2', 'ADO', 'ADORA1', 'ADORA2A', 'ADORA2B', 'ADPRH', 'ADPRS', 'ADRA1A', 'ADRA1B', 'ADRA1D', 'ADRA2A', 'ADRA2B', 'ADRA2C', 'ADRB1', 'ADRB2', 'ADRB3', 'ADRM1', 'ADSS1', 'ADSS2', 'ADTRP', 'AEBP2', 'AEN', 'AFAP1L1', 'AFDN', 'AFF1', 'AFF4', 'AFG1L', 'AFG3L2', 'AFM', 'AFMID', 'AFP', 'AFTPH', 'AGA', 'AGAP1', 'AGAP2', 'AGBL2', 'AGER', 'AGFG1', 'AGGF1', 'AGK', 'AGL', 'AGMAT', 'AGMO', 'AGO1', 'AGO2', 'AGO3', 'AGO4', 'AGPAT1', 'AGPAT3', 'AGPAT4', 'AGPAT5', 'AGPS', 'AGR2', 'AGR3', 'AGRN', 'AGT', 'AGTR1', 'AGTR2', 'AGTRAP', 'AGXT', 'AHCY', 'AHCYL1', 'AHCYL2', 'AHDC1', 'AHI1', 'AHNAK', 'AHNAK2', 'AHR', 'AHRR', 'AHSA1', 'AHSA2P', 'AHSG', 'AHSP', 'AICDA', 'AIDA', 'AIF1', 'AIF1L', 'AIFM1', 'AIFM2', 'AIG1', 'AIM2', 'AIMP1', 'AIMP2', 'AIP', 'AIPL1', 'AIRE', 'AJAP1', 'AJUBA', 'AK2', 'AK3', 'AK4', 'AK8', 'AKAIN1', 'AKAP1', 'AKAP10', 'AKAP11', 'AKAP12', 'AKAP13', 'AKAP14', 'AKAP17A', 'AKAP3', 'AKAP4', 'AKAP5', 'AKAP6', 'AKAP7', 'AKAP8', 'AKAP8L', 'AKAP9', 'AKIP1', 'AKIRIN1', 'AKIRIN2', 'AKNA', 'AKNAD1', 'AKR1A1', 'AKR1B1', 'AKR1B10', 'AKR1B15', 'AKR1C1', 'AKR1C3', 'AKR1C4', 'AKR1C8', 'AKR1D1', 'AKR7A2', 'AKR7A3', 'AKT1', 'AKT1S1', 'AKT2', 'AKT3', 'AKTIP', 'ALAS1', 'ALAS2', 'ALB', 'ALCAM', 'ALDH16A1', 'ALDH18A1', 'ALDH1A1', 'ALDH1L1', 'ALDH1L2', 'ALDH3A1', 'ALDH3A2', 'ALDH3B1', 'ALDH3B2', 'ALDH4A1', 'ALDH7A1', 'ALDOA', 'ALDOB', 'ALDOC', 'ALG10', 'ALG10B', 'ALG11', 'ALG13', 'ALG14', 'ALG2', 'ALG3', 'ALG8', 'ALK', 'ALKAL1', 'ALKAL2', 'ALKBH2', 'ALKBH3', 'ALKBH4', 'ALKBH6', 'ALKBH7', 'ALKBH8', 'ALMS1', 'ALOX12', 'ALOX15', 'ALOX15B', 'ALOX5', 'ALOX5AP', 'ALOXE3', 'ALPI', 'ALPK1', 'ALPP', 'ALS2', 'ALS2CL', 'ALX1', 'ALX4', 'ALYREF', 'AMBN', 'AMBP', 'AMBRA1', 'AMD1', 'AMDHD1', 'AMELX', 'AMELY', 'AMER1', 'AMER2', 'AMER3', 'AMFR', 'AMH', 'AMHR2', 'AMIGO1', 'AMIGO2', 'AMN', 'AMOT', 'AMOTL1', 'AMOTL2', 'AMPD1', 'AMPD2', 'AMPD3', 'AMPH', 'AMT', 'AMTN', 'ANAPC10', 'ANAPC11', 'ANAPC13', 'ANAPC15', 'ANAPC16', 'ANAPC2', 'ANAPC4', 'ANAPC7', 'ANG', 'ANGEL1', 'ANGPT1', 'ANGPT2', 'ANGPTL2', 'ANGPTL4', 'ANGPTL5', 'ANGPTL7', 'ANGPTL8', 'ANK1', 'ANK2', 'ANK3', 'ANKDD1A', 'ANKEF1', 'ANKFY1', 'ANKHD1', 'ANKIB1', 'ANKK1', 'ANKLE1', 'ANKLE2', 'ANKMY2', 'ANKRA2', 'ANKRD1', 'ANKRD10', 'ANKRD13C', 'ANKRD13D', 'ANKRD17', 'ANKRD2', 'ANKRD23', 'ANKRD26', 'ANKRD26P1', 'ANKRD27', 'ANKRD28', 'ANKRD29', 'ANKRD33', 'ANKRD36B', 'ANKRD36BP1', 'ANKRD37', 'ANKRD40', 'ANKRD44', 'ANKRD45', 'ANKRD46', 'ANKRD49', 'ANKRD50', 'ANKRD52', 'ANKRD53', 'ANKRD54', 'ANKRD55', 'ANKS1A', 'ANKS1B', 'ANKS3', 'ANKS4B', 'ANKS6', 'ANKZF1', 'ANLN', 'ANO1', 'ANO2', 'ANO6', 'ANO9', 'ANOS1', 'ANP32A', 'ANP32B', 'ANP32E', 'ANTKMT', 'ANTXR1', 'ANTXR2', 'ANXA1', 'ANXA10', 'ANXA11', 'ANXA2', 'ANXA2R', 'ANXA4', 'ANXA5', 'ANXA6', 'ANXA7', 'ANXA8', 'ANXA9', 'AOAH', 'AOC1', 'AOC2', 'AOC3', 'AP1AR', 'AP1B1', 'AP1G1', 'AP1G2', 'AP1M1', 'AP1S1', 'AP1S2', 'AP1S3', 'AP2A1', 'AP2A2', 'AP2B1', 'AP2M1', 'AP2S1', 'AP3B1', 'AP3D1', 'AP3M1', 'AP3M2', 'AP3S1', 'AP4B1', 'AP4E1', 'AP4M1', 'AP5B1', 'AP5M1', 'AP5S1', 'AP5Z1', 'APAF1', 'APBA1', 'APBA2', 'APBA3', 'APBB1', 'APBB1IP', 'APBB2', 'APBB3', 'APC', 'APC2', 'APCDD1', 'APCDD1L', 'APCS', 'APEH', 'APEX1', 'APEX2', 'APH1A', 'APH1B', 'API5', 'APIP', 'APLF', 'APLNR', 'APLP1', 'APLP2', 'APMAP', 'APOA1', 'APOA2', 'APOA4', 'APOA5', 'APOB', 'APOBEC1', 'APOBEC3A', 'APOBEC3B', 'APOBEC3C', 'APOBEC3F', 'APOBEC3G', 'APOBEC3H', 'APOBEC4', 'APOC1', 'APOC2', 'APOC3', 'APOC4', 'APOD', 'APOE', 'APOF', 'APOH', 'APOL1', 'APOL2', 'APOL3', 'APOL6', 'APOO', 'APOOL', 'APP', 'APPBP2', 'APPL1', 'APPL2', 'APRT', 'APTX', 'AQP1', 'AQP10', 'AQP12B', 'AQP2', 'AQP3', 'AQP4', 'AQP5', 'AQP5-AS1', 'AQP6', 'AQP7', 'AQP8', 'AQP9', 'AQR', 'AR', 'ARAF', 'ARAP1', 'ARAP3', 'ARC', 'ARCN1', 'AREG', 'AREL1', 'ARF1', 'ARF3', 'ARF4', 'ARF5', 'ARF6', 'ARFGAP1', 'ARFGAP3', 'ARFGEF1', 'ARFIP1', 'ARFIP2', 'ARFRP1', 'ARG1', 'ARG2', 'ARGLU1', 'ARHGAP1', 'ARHGAP10', 'ARHGAP11B', 'ARHGAP12', 'ARHGAP15', 'ARHGAP17', 'ARHGAP19', 'ARHGAP21', 'ARHGAP22', 'ARHGAP24', 'ARHGAP25', 'ARHGAP26', 'ARHGAP29', 'ARHGAP30', 'ARHGAP31', 'ARHGAP32', 'ARHGAP33', 'ARHGAP4', 'ARHGAP44', 'ARHGAP45', 'ARHGAP5', 'ARHGAP6', 'ARHGAP8', 'ARHGAP9', 'ARHGDIA', 'ARHGDIB', 'ARHGDIG', 'ARHGEF1', 'ARHGEF10', 'ARHGEF11', 'ARHGEF12', 'ARHGEF15', 'ARHGEF16', 'ARHGEF17', 'ARHGEF18', 'ARHGEF19', 'ARHGEF2', 'ARHGEF26', 'ARHGEF28', 'ARHGEF3', 'ARHGEF38', 'ARHGEF39', 'ARHGEF4', 'ARHGEF40', 'ARHGEF5', 'ARHGEF6', 'ARHGEF7', 'ARHGEF9', 'ARID1A', 'ARID1B', 'ARID2', 'ARID3A', 'ARID3B', 'ARID3C', 'ARID4B', 'ARID5A', 'ARID5B', 'ARIH1', 'ARIH2', 'ARK2C', 'ARK2N', 'ARL1', 'ARL11', 'ARL13B', 'ARL14', 'ARL14EP', 'ARL15', 'ARL16', 'ARL2', 'ARL2BP', 'ARL3', 'ARL4A', 'ARL4C', 'ARL4D', 'ARL5B', 'ARL6', 'ARL6IP1', 'ARL6IP4', 'ARL6IP5', 'ARL6IP6', 'ARL8A', 'ARL8B', 'ARMC1', 'ARMC10', 'ARMC12', 'ARMC2', 'ARMC5', 'ARMC7', 'ARMC8', 'ARMC9', 'ARMCX1', 'ARMCX3', 'ARMCX4', 'ARMCX5', 'ARMH3', 'ARMH4', 'ARMS2', 'ARMT1', 'ARNT', 'ARNT2', 'ARPC1A', 'ARPC1B', 'ARPC2', 'ARPC3', 'ARPC4', 'ARPC5', 'ARPC5L', 'ARPIN', 'ARPP19', 'ARPP21', 'ARR3', 'ARRB1', 'ARRB2', 'ARRDC1', 'ARRDC2', 'ARRDC3', 'ARRDC4', 'ARSA', 'ARSI', 'ART5', 'ARTN', 'ARV1', 'ARVCF', 'ARX', 'ASAH1', 'ASAP1', 'ASAP2', 'ASAP3', 'ASB1', 'ASB10', 'ASB12', 'ASB13', 'ASB15', 'ASB16', 'ASB2', 'ASB6', 'ASB7', 'ASB8', 'ASB9', 'ASCC1', 'ASCC2', 'ASCC3', 'ASCL1', 'ASCL3', 'ASCL4', 'ASF1A', 'ASF1B', 'ASGR1', 'ASGR2', 'ASH2L', 'ASIC1', 'ASIC2', 'ASIC3', 'ASIC4', 'ASL', 'ASMTL', 'ASNS', 'ASNSD1', 'ASPA', 'ASPG', 'ASPH', 'ASPHD2', 'ASPM', 'ASPSCR1', 'ASS1', 'ASTE1', 'ASTL', 'ASTN1', 'ASXL1', 'ASXL2', 'ASZ1', 'ATAD2', 'ATAD3A', 'ATAD5', 'ATAT1', 'ATCAY', 'ATE1', 'ATF1', 'ATF2', 'ATF3', 'ATF4', 'ATF5', 'ATF6', 'ATF6B', 'ATF7', 'ATF7IP', 'ATG10', 'ATG101', 'ATG12', 'ATG13', 'ATG14', 'ATG16L1', 'ATG2A', 'ATG2B', 'ATG3', 'ATG4A', 'ATG4B', 'ATG4C', 'ATG5', 'ATG7', 'ATG9A', 'ATG9B', 'ATL1', 'ATL2', 'ATL3', 'ATM', 'ATMIN', 'ATN1', 'ATOH7', 'ATOH8', 'ATOSA', 'ATOSB', 'ATOX1', 'ATP10A', 'ATP10B', 'ATP10D', 'ATP11A', 'ATP11B', 'ATP11C', 'ATP13A1', 'ATP13A2', 'ATP1A1', 'ATP1A2', 'ATP1A3', 'ATP1A4', 'ATP1B1', 'ATP1B2', 'ATP1B3', 'ATP1B4', 'ATP2A1', 'ATP2A2', 'ATP2A3', 'ATP2B1', 'ATP2B2', 'ATP2B3', 'ATP2B4', 'ATP2C2', 'ATP4B', 'ATP5F1A', 'ATP5F1B', 'ATP5F1C', 'ATP5F1D', 'ATP5F1E', 'ATP5IF1', 'ATP5MC1', 'ATP5MC2', 'ATP5MC3', 'ATP5ME', 'ATP5MG', 'ATP5MJ', 'ATP5PB', 'ATP5PD', 'ATP5PF', 'ATP5PO', 'ATP6AP1', 'ATP6AP2', 'ATP6V0A1', 'ATP6V0A4', 'ATP6V0B', 'ATP6V0C', 'ATP6V0D1', 'ATP6V0D2', 'ATP6V0E1', 'ATP6V1A', 'ATP6V1B1', 'ATP6V1B2', 'ATP6V1C1', 'ATP6V1C2', 'ATP6V1D', 'ATP6V1E1', 'ATP6V1E2', 'ATP6V1F', 'ATP6V1G1', 'ATP6V1G2', 'ATP6V1G3', 'ATP6V1H', 'ATP7A', 'ATP7B', 'ATP8A1', 'ATP8A2', 'ATP8B1', 'ATP8B2', 'ATP8B4', 'ATP9A', 'ATPAF1', 'ATPAF2', 'ATPSCKMT', 'ATR', 'ATRAID', 'ATRIP', 'ATRNL1', 'ATRX', 'ATXN1', 'ATXN10', 'ATXN1L', 'ATXN2', 'ATXN2L', 'ATXN3', 'ATXN7', 'ATXN7L1', 'ATXN7L3', 'ATXN7L3B', 'AUNIP', 'AUP1', 'AURKA', 'AURKAIP1', 'AURKB', 'AURKC', 'AUTS2', 'AVEN', 'AVIL', 'AVP', 'AVPI1', 'AVPR1A', 'AVPR2', 'AXIN1', 'AXL', 'AZGP1', 'AZI2', 'AZIN1', 'AZIN2', 'AZU1', 'B2M', 'B3GALNT2', 'B3GALT2', 'B3GAT1', 'B3GAT3', 'B3GNT2', 'B3GNT5', 'B3GNT7', 'B3GNT8', 'B4GALNT2', 'B4GALT2', 'B4GALT4', 'B4GALT5', 'B4GALT6', 'B4GALT7', 'B4GAT1', 'B9D1', 'B9D2', 'BAALC', 'BAAT', 'BABAM1', 'BABAM2', 'BACE1', 'BACH1', 'BACH2', 'BAD', 'BAG1', 'BAG2', 'BAG3', 'BAG4', 'BAG5', 'BAG6', 'BAGE', 'BAHD1', 'BAIAP2', 'BAIAP2L1', 'BAIAP3', 'BAK1', 'BAMBI', 'BANF1', 'BANF2', 'BANK1', 'BANP', 'BAP1', 'BARD1', 'BARHL2', 'BARX2', 'BASP1', 'BATF', 'BATF2', 'BATF3', 'BAX', 'BAZ1A', 'BAZ1B', 'BAZ2A', 'BAZ2B', 'BBC3', 'BBIP1', 'BBLN', 'BBOX1', 'BBS1', 'BBS10', 'BBS12', 'BBS2', 'BBS4', 'BBS5', 'BBS7', 'BBS9', 'BBX', 'BCAM', 'BCAN', 'BCAP29', 'BCAP31', 'BCAR1', 'BCAR3', 'BCAS2', 'BCAS3', 'BCAS4', 'BCAT1', 'BCAT2', 'BCCIP', 'BCDIN3D', 'BCHE', 'BCKDHA', 'BCKDHB', 'BCKDK', 'BCL10', 'BCL11A', 'BCL11B', 'BCL2', 'BCL2A1', 'BCL2L1', 'BCL2L10', 'BCL2L11', 'BCL2L12', 'BCL2L13', 'BCL2L14', 'BCL2L15', 'BCL2L2', 'BCL3', 'BCL6', 'BCL6B', 'BCL7A', 'BCL7B', 'BCL7C', 'BCL9', 'BCLAF1', 'BCOR', 'BCORL1', 'BCR', 'BCS1L', 'BDH2', 'BDKRB1', 'BDKRB2', 'BDNF', 'BDP1', 'BECN1', 'BECN2', 'BEGAIN', 'BEND2', 'BEND3', 'BEND5', 'BEND7', 'BEST1', 'BEST2', 'BEST3', 'BET1', 'BET1L', 'BEX1', 'BEX2', 'BEX3', 'BEX4', 'BEX5', 'BFAR', 'BFSP1', 'BFSP2', 'BGLAP', 'BGN', 'BHLHA15', 'BHLHA9', 'BHLHE23', 'BHLHE40', 'BHLHE41', 'BICD1', 'BICD2', 'BICDL2', 'BICRA', 'BICRAL', 'BID', 'BIK', 'BIN1', 'BIN2', 'BIN3', 'BIRC2', 'BIRC3', 'BIRC5', 'BIRC6', 'BIRC7', 'BIVM', 'BLCAP', 'BLK', 'BLM', 'BLMH', 'BLNK', 'BLOC1S1', 'BLOC1S2', 'BLOC1S3', 'BLOC1S4', 'BLOC1S5', 'BLOC1S6', 'BLTP1', 'BLTP3A', 'BLTP3B', 'BLVRA', 'BLVRB', 'BLZF1', 'BMAL1', 'BMAL2', 'BMERB1', 'BMF', 'BMI1', 'BMP1', 'BMP10', 'BMP15', 'BMP2', 'BMP2K', 'BMP4', 'BMP5', 'BMP6', 'BMP7', 'BMPR1A', 'BMPR1B', 'BMPR2', 'BMS1', 'BMX', 'BNC2', 'BNIP1', 'BNIP2', 'BNIP3', 'BNIP3L', 'BNIP5', 'BNIPL', 'BOC', 'BOD1', 'BOD1L1', 'BOD1L2', 'BOK', 'BOLA2', 'BOLA3', 'BOLL', 'BOP1', 'BORA', 'BORCS5', 'BORCS6', 'BORCS7', 'BORCS8', 'BPESC1', 'BPGM', 'BPHL', 'BPIFA1', 'BPIFA2', 'BPIFB3', 'BPTF', 'BPY2', 'BRAF', 'BRAP', 'BRAT1', 'BRCA1', 'BRCA2', 'BRCC3', 'BRD1', 'BRD2', 'BRD3', 'BRD4', 'BRD7', 'BRD8', 'BRD9', 'BRF1', 'BRF2', 'BRI3', 'BRI3BP', 'BRICD5', 'BRINP1', 'BRIP1', 'BRIX1', 'BRK1', 'BRME1', 'BRMS1', 'BRMS1L', 'BROX', 'BRPF1', 'BRPF3', 'BRSK2', 'BRWD1', 'BSCL2', 'BSDC1', 'BSG', 'BSND', 'BST2', 'BTBD1', 'BTBD10', 'BTBD16', 'BTBD18', 'BTBD2', 'BTBD6', 'BTBD9', 'BTC', 'BTD', 'BTF3', 'BTF3L4', 'BTG1', 'BTG2', 'BTG3', 'BTG4', 'BTK', 'BTLA', 'BTN1A1', 'BTN2A1', 'BTN2A2', 'BTN3A1', 'BTN3A2', 'BTN3A3', 'BTNL2', 'BTNL3', 'BTNL8', 'BTNL9', 'BTRC', 'BUB1', 'BUB1B', 'BUB3', 'BUD13', 'BUD23', 'BUD31', 'BYSL', 'BZW1', 'BZW2', 'C10orf120', 'C10orf55', 'C10orf62', 'C10orf67', 'C10orf95', 'C11orf24', 'C11orf52', 'C11orf54', 'C11orf68', 'C11orf87', 'C12orf50', 'C12orf57', 'C12orf60', 'C14orf119', 'C14orf93', 'C15orf32', 'C15orf39', 'C16orf54', 'C16orf74', 'C16orf87', 'C17orf50', 'C17orf67', 'C17orf75', 'C18orf32', 'C19orf18', 'C19orf25', 'C19orf44', 'C19orf47', 'C19orf73', 'C19orf84', 'C1D', 'C1GALT1', 'C1GALT1C1', 'C1QA', 'C1QB', 'C1QBP', 'C1QC', 'C1QL1', 'C1QL4', 'C1QTNF1', 'C1QTNF2', 'C1QTNF3', 'C1QTNF4', 'C1QTNF5', 'C1QTNF6', 'C1QTNF8', 'C1QTNF9', 'C1QTNF9B', 'C1R', 'C1S', 'C1orf105', 'C1orf159', 'C1orf174', 'C1orf21', 'C1orf216', 'C1orf226', 'C1orf50', 'C1orf74', 'C1orf94', 'C2', 'C20orf141', 'C20orf173', 'C20orf202', 'C20orf96', 'C22orf15', 'C22orf23', 'C22orf39', 'C2CD2L', 'C2CD3', 'C2CD5', 'C2CD6', 'C2orf15', 'C2orf42', 'C2orf49', 'C2orf68', 'C2orf74', 'C2orf76', 'C2orf88', 'C3', 'C3AR1', 'C3orf20', 'C3orf33', 'C3orf36', 'C3orf38', 'C3orf62', 'C4A', 'C4B', 'C4BPA', 'C4BPB', 'C4orf17', 'C4orf33', 'C4orf46', 'C5', 'C5AR2', 'C5orf22', 'C5orf24', 'C5orf46', 'C6', 'C6orf120', 'C6orf141', 'C6orf15', 'C6orf47', 'C6orf89', 'C7orf25', 'C8A', 'C8G', 'C8orf17', 'C8orf33', 'C8orf48', 'C8orf74', 'C9', 'C9orf152', 'C9orf153', 'C9orf43', 'C9orf57', 'C9orf72', 'C9orf78', 'CA1', 'CA13', 'CA2', 'CA3', 'CA4', 'CA8', 'CA9', 'CAB39', 'CAB39L', 'CABCOCO1', 'CABLES1', 'CABP1', 'CABP2', 'CABP5', 'CABP7', 'CABYR', 'CACFD1', 'CACNA1A', 'CACNA1B', 'CACNA1C', 'CACNA1D', 'CACNA1F', 'CACNA1H', 'CACNA1I', 'CACNA1S', 'CACNB1', 'CACNB2', 'CACNB3', 'CACNB4', 'CACNG1', 'CACNG2', 'CACNG4', 'CACNG7', 'CACNG8', 'CACTIN', 'CACUL1', 'CACYBP', 'CAD', 'CADM1', 'CADM2', 'CADM3', 'CADM4', 'CADPS', 'CAGE1', 'CALB1', 'CALCA', 'CALCB', 'CALCOCO1', 'CALCOCO2', 'CALCR', 'CALCRL', 'CALD1', 'CALHM1', 'CALHM3', 'CALHM5', 'CALHM6', 'CALM1', 'CALM2', 'CALM3', 'CALML3', 'CALML5', 'CALML6', 'CALN1', 'CALR', 'CALU', 'CALY', 'CAMK1', 'CAMK1D', 'CAMK1G', 'CAMK2A', 'CAMK2B', 'CAMK2D', 'CAMK2G', 'CAMKK1', 'CAMLG', 'CAMP', 'CAMSAP1', 'CAMSAP2', 'CAMSAP3', 'CAMTA2', 'CAND1', 'CAND2', 'CANT1', 'CANX', 'CAP1', 'CAP2', 'CAPG', 'CAPN1', 'CAPN10', 'CAPN15', 'CAPN2', 'CAPN3', 'CAPN5', 'CAPNS1', 'CAPNS2', 'CAPRIN1', 'CAPRIN2', 'CAPZA1', 'CAPZA2', 'CAPZB', 'CARD10', 'CARD11', 'CARD14', 'CARD16', 'CARD17P', 'CARD18', 'CARD19', 'CARD6', 'CARD8', 'CARD9', 'CARF', 'CARM1', 'CARMIL1', 'CARNMT1', 'CARS1', 'CARTPT', 'CASC3', 'CASK', 'CASKIN1', 'CASP1', 'CASP10', 'CASP14', 'CASP2', 'CASP3', 'CASP4', 'CASP5', 'CASP6', 'CASP7', 'CASP8', 'CASP8AP2', 'CASP9', 'CASQ1', 'CASQ2', 'CASR', 'CASS4', 'CAST', 'CASTOR1', 'CASTOR2', 'CAT', 'CATIP', 'CATSPER1', 'CATSPER2', 'CATSPER4', 'CATSPERD', 'CAV1', 'CAV2', 'CAV3', 'CAVIN1', 'CAVIN2', 'CAVIN3', 'CAVIN4', 'CBARP', 'CBFA2T2', 'CBFA2T3', 'CBFB', 'CBL', 'CBLB', 'CBLC', 'CBLIF', 'CBLL1', 'CBLL2', 'CBLN1', 'CBR1', 'CBR3', 'CBR4', 'CBS', 'CBX1', 'CBX2', 'CBX3', 'CBX4', 'CBX5', 'CBX6', 'CBX7', 'CBX8', 'CBY1', 'CBY2', 'CC2D1A', 'CC2D1B', 'CCAR1', 'CCAR2', 'CCBE1', 'CCDC102A', 'CCDC102B', 'CCDC106', 'CCDC107', 'CCDC110', 'CCDC112', 'CCDC116', 'CCDC117', 'CCDC12', 'CCDC120', 'CCDC121', 'CCDC124', 'CCDC125', 'CCDC13', 'CCDC134', 'CCDC136', 'CCDC137', 'CCDC138', 'CCDC14', 'CCDC141', 'CCDC146', 'CCDC148', 'CCDC150', 'CCDC152', 'CCDC157', 'CCDC158', 'CCDC167', 'CCDC17', 'CCDC170', 'CCDC172', 'CCDC174', 'CCDC179', 'CCDC184', 'CCDC185', 'CCDC197', 'CCDC198', 'CCDC22', 'CCDC24', 'CCDC25', 'CCDC27', 'CCDC28A', 'CCDC28B', 'CCDC32', 'CCDC33', 'CCDC34', 'CCDC40', 'CCDC42', 'CCDC43', 'CCDC47', 'CCDC50', 'CCDC51', 'CCDC57', 'CCDC59', 'CCDC6', 'CCDC60', 'CCDC61', 'CCDC62', 'CCDC65', 'CCDC66', 'CCDC68', 'CCDC7', 'CCDC70', 'CCDC74A', 'CCDC74B', 'CCDC78', 'CCDC8', 'CCDC81', 'CCDC83', 'CCDC85A', 'CCDC85B', 'CCDC85C', 'CCDC86', 'CCDC87', 'CCDC88B', 'CCDC88C', 'CCDC89', 'CCDC90B', 'CCDC91', 'CCDC92', 'CCDC93', 'CCER1', 'CCHCR1', 'CCIN', 'CCK', 'CCKBR', 'CCL11', 'CCL13', 'CCL16', 'CCL17', 'CCL18', 'CCL19', 'CCL2', 'CCL20', 'CCL21', 'CCL22', 'CCL23', 'CCL24', 'CCL25', 'CCL28', 'CCL3', 'CCL3L1', 'CCL4', 'CCL4L1', 'CCL5', 'CCL7', 'CCL8', 'CCM2', 'CCM2L', 'CCN1', 'CCN2', 'CCN3', 'CCN4', 'CCN5', 'CCNA1', 'CCNA2', 'CCNB1', 'CCNB1IP1', 'CCNB2', 'CCNB3', 'CCNC', 'CCND1', 'CCND2', 'CCND3', 'CCNDBP1', 'CCNE1', 'CCNE2', 'CCNF', 'CCNG1', 'CCNH', 'CCNI', 'CCNJL', 'CCNK', 'CCNL1', 'CCNL2', 'CCNO', 'CCNQ', 'CCNT1', 'CCNT2', 'CCNY', 'CCNYL1', 'CCP110', 'CCPG1', 'CCR1', 'CCR10', 'CCR2', 'CCR3', 'CCR4', 'CCR5', 'CCR6', 'CCRL2', 'CCS', 'CCSER1', 'CCSER2', 'CCT2', 'CCT3', 'CCT4', 'CCT5', 'CCT6A', 'CCT6B', 'CCT7', 'CCT8', 'CCZ1', 'CD14', 'CD151', 'CD160', 'CD163', 'CD164', 'CD164L2', 'CD177', 'CD180', 'CD1A', 'CD1B', 'CD1C', 'CD1D', 'CD2', 'CD200', 'CD200R1', 'CD200R1L', 'CD207', 'CD209', 'CD22', 'CD226', 'CD24', 'CD244', 'CD247', 'CD248', 'CD27', 'CD274', 'CD276', 'CD28', 'CD2AP', 'CD2BP2', 'CD300A', 'CD300C', 'CD300E', 'CD300H', 'CD300LB', 'CD300LD', 'CD300LF', 'CD300LG', 'CD302', 'CD320', 'CD33', 'CD34', 'CD36', 'CD37', 'CD3D', 'CD3E', 'CD3G', 'CD4', 'CD40', 'CD40LG', 'CD44', 'CD46', 'CD47', 'CD48', 'CD5', 'CD52', 'CD53', 'CD55', 'CD58', 'CD59', 'CD6', 'CD63', 'CD68', 'CD69', 'CD7', 'CD70', 'CD72', 'CD74', 'CD79A', 'CD79B', 'CD80', 'CD81', 'CD82', 'CD83', 'CD84', 'CD86', 'CD8A', 'CD8B', 'CD9', 'CD93', 'CD96', 'CD99', 'CD99L2', 'CDA', 'CDAN1', 'CDC123', 'CDC14A', 'CDC14B', 'CDC16', 'CDC20', 'CDC20B', 'CDC23', 'CDC25A', 'CDC25B', 'CDC25C', 'CDC26', 'CDC27', 'CDC34', 'CDC37', 'CDC37L1', 'CDC40', 'CDC42', 'CDC42BPA', 'CDC42BPG', 'CDC42EP1', 'CDC42EP2', 'CDC42EP3', 'CDC42EP4', 'CDC42SE1', 'CDC42SE2', 'CDC45', 'CDC5L', 'CDC6', 'CDC7', 'CDC73', 'CDCA3', 'CDCA4', 'CDCA5', 'CDCA7', 'CDCA7L', 'CDCA8', 'CDCP1', 'CDH1', 'CDH13', 'CDH15', 'CDH16', 'CDH17', 'CDH2', 'CDH23', 'CDH26', 'CDH5', 'CDHR2', 'CDHR3', 'CDHR5', 'CDIP1', 'CDIPT', 'CDK1', 'CDK10', 'CDK11A', 'CDK11B', 'CDK12', 'CDK13', 'CDK14', 'CDK15', 'CDK16', 'CDK17', 'CDK18', 'CDK2', 'CDK20', 'CDK2AP1', 'CDK2AP2', 'CDK3', 'CDK4', 'CDK5', 'CDK5R1', 'CDK5RAP2', 'CDK5RAP3', 'CDK6', 'CDK7', 'CDK8', 'CDK9', 'CDKAL1', 'CDKL2', 'CDKL3', 'CDKL5', 'CDKN1A', 'CDKN1B', 'CDKN1C', 'CDKN2A', 'CDKN2AIP', 'CDKN2AIPNL', 'CDKN2B', 'CDKN2C', 'CDKN2D', 'CDKN3', 'CDON', 'CDPF1', 'CDR2', 'CDR2L', 'CDRT15P3', 'CDRT4', 'CDS1', 'CDS2', 'CDT1', 'CDX1', 'CDX2', 'CDX4', 'CDYL', 'CDYL2', 'CEACAM1', 'CEACAM19', 'CEACAM3', 'CEACAM4', 'CEACAM5', 'CEACAM6', 'CEACAM8', 'CEBPA', 'CEBPB', 'CEBPD', 'CEBPE', 'CEBPG', 'CEBPZ', 'CECR2', 'CEL', 'CELA2A', 'CELA2B', 'CELA3A', 'CELF1', 'CELF3', 'CELF4', 'CELF5', 'CELF6', 'CELSR3', 'CEMIP', 'CEMP1', 'CENATAC', 'CEND1', 'CENPA', 'CENPB', 'CENPC', 'CENPE', 'CENPF', 'CENPH', 'CENPI', 'CENPK', 'CENPL', 'CENPN', 'CENPO', 'CENPP', 'CENPQ', 'CENPS', 'CENPT', 'CENPU', 'CENPV', 'CENPW', 'CENPX', 'CEP104', 'CEP112', 'CEP120', 'CEP126', 'CEP131', 'CEP135', 'CEP152', 'CEP162', 'CEP164', 'CEP170', 'CEP170P1', 'CEP19', 'CEP192', 'CEP20', 'CEP250', 'CEP290', 'CEP350', 'CEP41', 'CEP43', 'CEP44', 'CEP55', 'CEP57', 'CEP57L1', 'CEP63', 'CEP68', 'CEP70', 'CEP72', 'CEP76', 'CEP83', 'CEP85', 'CEP85L', 'CEP89', 'CEP95', 'CEP97', 'CERCAM', 'CERK', 'CERKL', 'CERS2', 'CERS3', 'CERS4', 'CERS6', 'CERT1', 'CES1', 'CES2', 'CETN1', 'CETN2', 'CETN3', 'CFAP100', 'CFAP141', 'CFAP161', 'CFAP206', 'CFAP298', 'CFAP299', 'CFAP300', 'CFAP36', 'CFAP410', 'CFAP418', 'CFAP44', 'CFAP45', 'CFAP47', 'CFAP52', 'CFAP53', 'CFAP58', 'CFAP65', 'CFAP68', 'CFAP74', 'CFAP77', 'CFAP90', 'CFAP91', 'CFAP97D1', 'CFB', 'CFH', 'CFHR2', 'CFHR4', 'CFHR5', 'CFI', 'CFL1', 'CFLAR', 'CFP', 'CFTR', 'CGA', 'CGAS', 'CGB3', 'CGGBP1', 'CGN', 'CGNL1', 'CGREF1', 'CGRRF1', 'CH25H', 'CHAC1', 'CHAD', 'CHAF1A', 'CHAF1B', 'CHAMP1', 'CHAT', 'CHCHD1', 'CHCHD10', 'CHCHD3', 'CHCHD4', 'CHCHD5', 'CHCHD6', 'CHD1', 'CHD1L', 'CHD2', 'CHD3', 'CHD4', 'CHD7', 'CHD8', 'CHD9', 'CHDH', 'CHEK1', 'CHEK2', 'CHERP', 'CHFR', 'CHGB', 'CHI3L1', 'CHIA', 'CHIC2', 'CHID1', 'CHIT1', 'CHKA', 'CHL1', 'CHM', 'CHMP1A', 'CHMP1B', 'CHMP2A', 'CHMP2B', 'CHMP3', 'CHMP4A', 'CHMP4B', 'CHMP4C', 'CHMP5', 'CHMP6', 'CHMP7', 'CHN1', 'CHN2', 'CHODL', 'CHORDC1', 'CHP1', 'CHP2', 'CHPF', 'CHPT1', 'CHRAC1', 'CHRD', 'CHRDL2', 'CHRM1', 'CHRM3', 'CHRM5', 'CHRNA3', 'CHRNA4', 'CHRNA5', 'CHRNA6', 'CHRNA7', 'CHRNA9', 'CHRNB1', 'CHRNB2', 'CHRNB4', 'CHRNG', 'CHST1', 'CHST13', 'CHST14', 'CHST15', 'CHST8', 'CHTF18', 'CHTF8', 'CHTOP', 'CHUK', 'CHURC1', 'CIAO1', 'CIAO2A', 'CIAO2B', 'CIAO3', 'CIAPIN1', 'CIART', 'CIB1', 'CIB2', 'CIB3', 'CIB4', 'CIBAR1', 'CIBAR2', 'CIC', 'CIDEB', 'CIDEC', 'CIITA', 'CILK1', 'CINP', 'CIP2A', 'CIPC', 'CIR1', 'CIRBP', 'CISD2', 'CISH', 'CIT', 'CITED1', 'CITED2', 'CIZ1', 'CKAP4', 'CKAP5', 'CKB', 'CKLF', 'CKM', 'CKMT1A', 'CKMT2', 'CKS1B', 'CKS2', 'CLASP1', 'CLASP2', 'CLASRP', 'CLC', 'CLCC1', 'CLCF1', 'CLCN1', 'CLCN2', 'CLCN3', 'CLCN4', 'CLCN5', 'CLCN7', 'CLCNKA', 'CLCNKB', 'CLDN1', 'CLDN10', 'CLDN11', 'CLDN12', 'CLDN14', 'CLDN16', 'CLDN17', 'CLDN18', 'CLDN19', 'CLDN2', 'CLDN20', 'CLDN22', 'CLDN23', 'CLDN3', 'CLDN4', 'CLDN5', 'CLDN6', 'CLDN7', 'CLDN8', 'CLDN9', 'CLDND1', 'CLDND2', 'CLEC10A', 'CLEC12A', 'CLEC12B', 'CLEC14A', 'CLEC16A', 'CLEC17A', 'CLEC18A', 'CLEC19A', 'CLEC1A', 'CLEC1B', 'CLEC2A', 'CLEC2B', 'CLEC2D', 'CLEC4C', 'CLEC4D', 'CLEC4E', 'CLEC4G', 'CLEC4M', 'CLEC6A', 'CLEC7A', 'CLGN', 'CLHC1', 'CLIC1', 'CLIC2', 'CLIC3', 'CLIC4', 'CLIC5', 'CLINT1', 'CLIP1', 'CLIP3', 'CLIP4', 'CLK1', 'CLK2', 'CLK3', 'CLK4', 'CLMP', 'CLN3', 'CLN5', 'CLN6', 'CLN8', 'CLNK', 'CLNS1A', 'CLOCK', 'CLP1', 'CLPB', 'CLPP', 'CLPSL2', 'CLPTM1', 'CLPTM1L', 'CLPX', 'CLRN1', 'CLRN2', 'CLRN3', 'CLSPN', 'CLSTN1', 'CLSTN3', 'CLTA', 'CLTB', 'CLTC', 'CLTCL1', 'CLTRN', 'CLU', 'CLUAP1', 'CLUH', 'CLUHP3', 'CLVS1', 'CLVS2', 'CMC2', 'CMIP', 'CMKLR1', 'CMKLR2', 'CMPK1', 'CMSS1', 'CMTM2', 'CMTM3', 'CMTM4', 'CMTM5', 'CMTM6', 'CMTM7', 'CMTM8', 'CNBP', 'CNDP1', 'CNDP2', 'CNEP1R1', 'CNFN', 'CNGA1', 'CNGA3', 'CNGB1', 'CNIH1', 'CNIH2', 'CNIH3', 'CNIH4', 'CNKSR1', 'CNKSR2', 'CNKSR3', 'CNMD', 'CNN1', 'CNNM1', 'CNNM3', 'CNNM4', 'CNOT1', 'CNOT10', 'CNOT11', 'CNOT2', 'CNOT3', 'CNOT4', 'CNOT6', 'CNOT6L', 'CNOT7', 'CNOT8', 'CNOT9', 'CNP', 'CNPY2', 'CNPY3', 'CNPY4', 'CNR1', 'CNR2', 'CNRIP1', 'CNST', 'CNTF', 'CNTFR', 'CNTLN', 'CNTN1', 'CNTN2', 'CNTNAP1', 'CNTNAP2', 'CNTNAP4', 'CNTRL', 'CNTROB', 'COA1', 'COA3', 'COA4', 'COA5', 'COA6', 'COA7', 'COA8', 'COASY', 'COBL', 'COBLL1', 'COCH', 'COG1', 'COG2', 'COG3', 'COG4', 'COG5', 'COG7', 'COG8', 'COIL', 'COL10A1', 'COL11A2', 'COL13A1', 'COL16A1', 'COL17A1', 'COL18A1', 'COL1A1', 'COL1A2', 'COL20A1', 'COL23A1', 'COL24A1', 'COL26A1', 'COL2A1', 'COL3A1', 'COL4A1', 'COL4A2', 'COL4A3', 'COL4A5', 'COL4A6', 'COL5A1', 'COL6A1', 'COL6A2', 'COL6A5', 'COL7A1', 'COL8A1', 'COL9A1', 'COL9A2', 'COLEC11', 'COLEC12', 'COLGALT2', 'COLQ', 'COMMD1', 'COMMD10', 'COMMD2', 'COMMD3', 'COMMD4', 'COMMD5', 'COMMD6', 'COMMD7', 'COMMD8', 'COMMD9', 'COMP', 'COMT', 'COMTD1', 'COP1', 'COPA', 'COPB1', 'COPB2', 'COPE', 'COPRS', 'COPS2', 'COPS3', 'COPS4', 'COPS5', 'COPS6', 'COPS7A', 'COPS7B', 'COPS8', 'COPS9', 'COQ3', 'COQ4', 'COQ5', 'COQ7', 'COQ8A', 'COQ9', 'CORO1A', 'CORO1B', 'CORO1C', 'CORO2A', 'CORO2B', 'CORO6', 'CORO7', 'CORT', 'COTL1', 'COX11', 'COX14', 'COX15', 'COX16', 'COX17', 'COX18', 'COX19', 'COX20', 'COX4I1', 'COX5A', 'COX5B', 'COX6A1', 'COX6B2', 'COX6C', 'COX7A1', 'COX7A2', 'COX7B', 'COX7C', 'COX8A', 'CPA1', 'CPA4', 'CPB1', 'CPE', 'CPEB1', 'CPEB3', 'CPEB4', 'CPLANE2', 'CPLX1', 'CPLX2', 'CPLX4', 'CPN1', 'CPNE1', 'CPNE2', 'CPNE3', 'CPNE4', 'CPNE5', 'CPNE6', 'CPNE7', 'CPNE8', 'CPS1', 'CPSF1', 'CPSF2', 'CPSF3', 'CPSF4', 'CPSF6', 'CPSF7', 'CPT1B', 'CPT1C', 'CPT2', 'CR1', 'CR1L', 'CR2', 'CRABP1', 'CRABP2', 'CRACD', 'CRACR2A', 'CRACR2B', 'CRADD', 'CRB1', 'CRB2', 'CRB3', 'CRBN', 'CRCP', 'CRCT1', 'CREB1', 'CREB3', 'CREB3L1', 'CREB3L3', 'CREB3L4', 'CREB5', 'CREBBP', 'CREBL2', 'CREBRF', 'CREBZF', 'CRELD1', 'CRELD2', 'CREM', 'CRH', 'CRHBP', 'CRHR1', 'CRHR2', 'CRIP2', 'CRIP3', 'CRIPT', 'CRISP3', 'CRK', 'CRKL', 'CRLF1', 'CRLF3', 'CRMP1', 'CRNKL1', 'CRNN', 'CROCC', 'CROCCP2', 'CROT', 'CRP', 'CRTAC1', 'CRTAM', 'CRTAP', 'CRTC1', 'CRTC2', 'CRTC3', 'CRX', 'CRY1', 'CRY2', 'CRYAA', 'CRYAB', 'CRYBA1', 'CRYBA2', 'CRYBA4', 'CRYBB1', 'CRYBB2', 'CRYBB3', 'CRYGB', 'CRYGC', 'CRYGD', 'CRYGS', 'CRYM', 'CRYZ', 'CRYZL1', 'CSDE1', 'CSE1L', 'CSF1', 'CSF1R', 'CSF2', 'CSF2RA', 'CSF2RB', 'CSF3R', 'CSGALNACT1', 'CSGALNACT2', 'CSH1', 'CSH2', 'CSHL1', 'CSK', 'CSKMT', 'CSMD1', 'CSN1S1', 'CSN2', 'CSN3', 'CSNK1A1', 'CSNK1D', 'CSNK1E', 'CSNK1G1', 'CSNK1G2', 'CSNK2A1', 'CSNK2A2', 'CSNK2A3', 'CSNK2B', 'CSPG4', 'CSPG5', 'CSPP1', 'CSRNP1', 'CSRNP2', 'CSRP1', 'CSRP2', 'CSRP3', 'CST1', 'CST2', 'CST3', 'CST4', 'CST5', 'CST6', 'CST7', 'CST9L', 'CSTA', 'CSTF1', 'CSTF2', 'CSTF2T', 'CSTF3', 'CSTPP1', 'CT45A1', 'CT45A10', 'CT45A3', 'CT55', 'CTAG1A', 'CTAG2', 'CTBP1', 'CTBP1-DT', 'CTBP2', 'CTC1', 'CTCF', 'CTCFL', 'CTDNEP1', 'CTDP1', 'CTDSP1', 'CTDSP2', 'CTDSPL', 'CTDSPL2', 'CTF1', 'CTH', 'CTIF', 'CTLA4', 'CTNNA1', 'CTNNA2', 'CTNNA3', 'CTNNAL1', 'CTNNB1', 'CTNNBIP1', 'CTNNBL1', 'CTNND1', 'CTNND2', 'CTNS', 'CTPS1', 'CTPS2', 'CTR9', 'CTRB1', 'CTRC', 'CTRL', 'CTSB', 'CTSC', 'CTSD', 'CTSF', 'CTSG', 'CTSH', 'CTSK', 'CTSL', 'CTSO', 'CTSS', 'CTSV', 'CTSZ', 'CTTN', 'CTTNBP2', 'CTTNBP2NL', 'CTU1', 'CTU2', 'CTXN3', 'CUBN', 'CUEDC1', 'CUEDC2', 'CUL1', 'CUL2', 'CUL3', 'CUL4A', 'CUL4B', 'CUL5', 'CUL7', 'CUL9', 'CUTA', 'CUTC', 'CUX1', 'CWC15', 'CWC22', 'CWC25', 'CWC27', 'CWF19L1', 'CWF19L2', 'CX3CL1', 'CX3CR1', 'CXADR', 'CXCL1', 'CXCL10', 'CXCL11', 'CXCL12', 'CXCL14', 'CXCL17', 'CXCL2', 'CXCL5', 'CXCL6', 'CXCL8', 'CXCL9', 'CXCR1', 'CXCR2', 'CXCR3', 'CXCR4', 'CXCR5', 'CXXC1', 'CXorf38', 'CXorf51B', 'CXorf58', 'CXorf66', 'CYB561', 'CYB561A3', 'CYB561D1', 'CYB561D2', 'CYB5A', 'CYB5B', 'CYB5D2', 'CYB5R1', 'CYB5R2', 'CYB5R3', 'CYBA', 'CYBB', 'CYBC1', 'CYBRD1', 'CYC1', 'CYCS', 'CYFIP1', 'CYFIP2', 'CYGB', 'CYLC1', 'CYLD', 'CYP11A1', 'CYP1A1', 'CYP1A2', 'CYP1B1', 'CYP20A1', 'CYP26B1', 'CYP2A6', 'CYP2C8', 'CYP2S1', 'CYP39A1', 'CYP3A4', 'CYP3A5', 'CYP4F11', 'CYP4F12', 'CYP4F2', 'CYP4F22', 'CYP4V2', 'CYP7B1', 'CYREN', 'CYRIA', 'CYRIB', 'CYS1', 'CYSLTR2', 'CYSRT1', 'CYSTM1', 'CYTH1', 'CYTH2', 'CYTH3', 'CYTH4', 'CYTIP', 'CZIB', 'DAAM2', 'DAB1', 'DAB2', 'DAB2IP', 'DACH1', 'DACT1', 'DACT2', 'DAG1', 'DAGLA', 'DAGLB', 'DALRD3', 'DAO', 'DAOA', 'DAP3', 'DAPK1', 'DAPK2', 'DAPK3', 'DAPL1', 'DAPP1', 'DARS1', 'DARS2', 'DAW1', 'DAXX', 'DAZ1', 'DAZ2', 'DAZ3', 'DAZ4', 'DAZAP1', 'DAZAP2', 'DAZL', 'DBF4', 'DBF4B', 'DBH', 'DBI', 'DBN1', 'DBNDD2', 'DBNL', 'DBP', 'DBT', 'DBX1', 'DBX2', 'DCAF1', 'DCAF10', 'DCAF11', 'DCAF12', 'DCAF12L1', 'DCAF13', 'DCAF15', 'DCAF16', 'DCAF17', 'DCAF4', 'DCAF5', 'DCAF6', 'DCAF7', 'DCAF8', 'DCANP1', 'DCBLD2', 'DCC', 'DCD', 'DCDC1', 'DCDC2', 'DCDC2B', 'DCK', 'DCLK1', 'DCLK2', 'DCLRE1B', 'DCLRE1C', 'DCN', 'DCP1A', 'DCP1B', 'DCP2', 'DCPS', 'DCST1', 'DCSTAMP', 'DCT', 'DCTD', 'DCTN1', 'DCTN2', 'DCTN3', 'DCTN4', 'DCTN5', 'DCTN6', 'DCTPP1', 'DCUN1D1', 'DCUN1D2', 'DCUN1D3', 'DCUN1D4', 'DCUN1D5', 'DCX', 'DCXR', 'DDA1', 'DDAH2', 'DDB1', 'DDB2', 'DDC', 'DDHD1', 'DDI1', 'DDI2', 'DDIT3', 'DDIT4', 'DDIT4L', 'DDN', 'DDO', 'DDOST', 'DDR1', 'DDR2', 'DDRGK1', 'DDX1', 'DDX10', 'DDX11', 'DDX17', 'DDX18', 'DDX19A', 'DDX19B', 'DDX20', 'DDX21', 'DDX23', 'DDX24', 'DDX25', 'DDX27', 'DDX31', 'DDX39A', 'DDX39B', 'DDX3X', 'DDX3Y', 'DDX41', 'DDX42', 'DDX43', 'DDX46', 'DDX47', 'DDX5', 'DDX53', 'DDX54', 'DDX55', 'DDX56', 'DDX6', 'DDX60', 'DEAF1', 'DECR2', 'DEDD', 'DEDD2', 'DEF6', 'DEF8', 'DEFA1', 'DEFA5', 'DEFA6', 'DEFB1', 'DEFB103A', 'DEFB106A', 'DEFB108B', 'DEFB112', 'DEFB115', 'DEFB118', 'DEFB121', 'DEFB124', 'DEFB127', 'DEFB128', 'DEFB129', 'DEFB131A', 'DEFB132', 'DEFB4A', 'DEGS1', 'DEK', 'DELE1', 'DENND10', 'DENND1B', 'DENND1C', 'DENND2A', 'DENND2B', 'DENND2C', 'DENND2D', 'DENND4A', 'DENND5A', 'DENND6A', 'DENR', 'DEPDC1', 'DEPDC5', 'DEPTOR', 'DERL1', 'DERL2', 'DERL3', 'DES', 'DESI1', 'DESI2', 'DET1', 'DEUP1', 'DEXI', 'DFFA', 'DFFB', 'DGAT1', 'DGAT2', 'DGAT2L6', 'DGCR2', 'DGCR6', 'DGCR6L', 'DGCR8', 'DGKD', 'DGKI', 'DGKQ', 'DGKZ', 'DGLUCY', 'DGUOK', 'DHCR24', 'DHCR7', 'DHDDS', 'DHFR', 'DHFR2', 'DHH', 'DHODH', 'DHPS', 'DHRS1', 'DHRS11', 'DHRS13', 'DHRS2', 'DHRS9', 'DHRSX', 'DHTKD1', 'DHX15', 'DHX16', 'DHX30', 'DHX32', 'DHX33', 'DHX34', 'DHX36', 'DHX37', 'DHX38', 'DHX40', 'DHX57', 'DHX58', 'DHX8', 'DHX9', 'DIABLO', 'DIAPH1', 'DICER1', 'DIDO1', 'DIP2A', 'DIPK1A', 'DIPK1B', 'DIRAS1', 'DIRAS2', 'DIRAS3', 'DIS3', 'DIS3L', 'DIS3L2', 'DISC1', 'DISP1', 'DIXDC1', 'DKC1', 'DKK1', 'DKK2', 'DKK3', 'DKK4', 'DLAT', 'DLC1', 'DLD', 'DLEC1', 'DLEU1', 'DLG1', 'DLG2', 'DLG3', 'DLG4', 'DLG5', 'DLGAP1', 'DLGAP2', 'DLGAP3', 'DLGAP5', 'DLK1', 'DLL1', 'DLL4', 'DLST', 'DLX1', 'DLX2', 'DLX3', 'DLX4', 'DMAC2', 'DMAC2L', 'DMAP1', 'DMBT1', 'DMC1', 'DMD', 'DMKN', 'DMPK', 'DMRT3', 'DMRTA1', 'DMRTB1', 'DMTN', 'DMWD', 'DNA2', 'DNAAF10', 'DNAAF11', 'DNAAF2', 'DNAAF4', 'DNAAF6', 'DNAAF9', 'DNAH9', 'DNAI1', 'DNAI2', 'DNAI3', 'DNAI7', 'DNAJA1', 'DNAJA2', 'DNAJA3', 'DNAJA4', 'DNAJB1', 'DNAJB11', 'DNAJB13', 'DNAJB14', 'DNAJB2', 'DNAJB4', 'DNAJB5', 'DNAJB6', 'DNAJB9', 'DNAJC1', 'DNAJC10', 'DNAJC11', 'DNAJC12', 'DNAJC13', 'DNAJC14', 'DNAJC17', 'DNAJC19', 'DNAJC2', 'DNAJC21', 'DNAJC22', 'DNAJC27', 'DNAJC28', 'DNAJC30', 'DNAJC4', 'DNAJC5', 'DNAJC5B', 'DNAJC6', 'DNAJC7', 'DNAJC8', 'DNAJC9', 'DNAL1', 'DNAL4', 'DNALI1', 'DNASE1', 'DNASE1L1', 'DNASE1L2', 'DNASE1L3', 'DNASE2', 'DND1', 'DNER', 'DNM1', 'DNM1L', 'DNM2', 'DNM3', 'DNMBP', 'DNMT1', 'DNMT3A', 'DNMT3B', 'DNMT3L', 'DNPEP', 'DNPH1', 'DNTT', 'DNTTIP1', 'DNTTIP2', 'DOC2A', 'DOCK1', 'DOCK10', 'DOCK11', 'DOCK2', 'DOCK3', 'DOCK4', 'DOCK5', 'DOCK6', 'DOCK7', 'DOCK8', 'DOCK9', 'DOHH', 'DOK1', 'DOK2', 'DOK3', 'DOK4', 'DOK5', 'DOK6', 'DOK7', 'DOLK', 'DONSON', 'DOP1B', 'DOT1L', 'DPAGT1', 'DPCD', 'DPEP1', 'DPEP2NB', 'DPF1', 'DPF2', 'DPF3', 'DPH1', 'DPH2', 'DPH3', 'DPH7', 'DPM1', 'DPM2', 'DPM3', 'DPP3', 'DPP4', 'DPP6', 'DPP8', 'DPP9', 'DPPA2', 'DPPA3', 'DPPA4', 'DPT', 'DPY19L3', 'DPY19L4', 'DPY30', 'DPYD', 'DPYS', 'DPYSL2', 'DPYSL3', 'DPYSL4', 'DPYSL5', 'DR1', 'DRAM1', 'DRAP1', 'DRAXIN', 'DRC1', 'DRC3', 'DRC7', 'DRD1', 'DRD2', 'DRD3', 'DRD4', 'DRD5', 'DRG1', 'DRG2', 'DRICH1', 'DROSHA', 'DSC1', 'DSC2', 'DSCAM', 'DSCAML1', 'DSCC1', 'DSCR8', 'DSG1', 'DSG2', 'DSG3', 'DSN1', 'DSP', 'DST', 'DSTN', 'DSTYK', 'DTD2', 'DTL', 'DTNA', 'DTNB', 'DTNBP1', 'DTX1', 'DTX2', 'DTX3', 'DTX3L', 'DUOX1', 'DUOX2', 'DUOXA1', 'DUOXA2', 'DUS1L', 'DUS2', 'DUS3L', 'DUSP1', 'DUSP12', 'DUSP14', 'DUSP15', 'DUSP16', 'DUSP18', 'DUSP19', 'DUSP2', 'DUSP21', 'DUSP23', 'DUSP26', 'DUSP29', 'DUSP3', 'DUSP4', 'DUSP5', 'DUSP6', 'DUSP7', 'DUSP8', 'DUSP9', 'DUT', 'DUX4', 'DVL1', 'DVL2', 'DVL3', 'DXO', 'DYDC1', 'DYDC2', 'DYM', 'DYNAP', 'DYNC1H1', 'DYNC1I1', 'DYNC1I2', 'DYNC1LI1', 'DYNC1LI2', 'DYNC2H1', 'DYNC2I1', 'DYNC2I2', 'DYNC2LI1', 'DYNLL1', 'DYNLL2', 'DYNLRB1', 'DYNLT1', 'DYNLT2', 'DYNLT2B', 'DYNLT3', 'DYNLT4', 'DYNLT5', 'DYRK1A', 'DYRK1B', 'DYRK2', 'DYRK3', 'DYRK4', 'DYSF', 'DZANK1', 'DZIP1', 'DZIP1L', 'DZIP3', 'E2F1', 'E2F2', 'E2F3', 'E2F4', 'E2F5', 'E2F6', 'E2F7', 'E2F8', 'E4F1', 'EAF1', 'EAF2', 'EAPP', 'EBAG9', 'EBF1', 'EBF2', 'EBF3', 'EBF4', 'EBI3', 'EBNA1BP2', 'EBP', 'ECD', 'ECE1', 'ECE2', 'ECH1', 'ECHDC1', 'ECHS1', 'ECI2', 'ECM1', 'ECPAS', 'ECRG4', 'ECSCR', 'ECSIT', 'ECT2', 'EDA', 'EDA2R', 'EDAR', 'EDARADD', 'EDC3', 'EDC4', 'EDDM3A', 'EDDM3B', 'EDEM1', 'EDF1', 'EDN1', 'EDNRA', 'EDNRB', 'EDRF1', 'EEA1', 'EED', 'EEF1A1', 'EEF1A2', 'EEF1AKMT3', 'EEF1B2', 'EEF1D', 'EEF1DP3', 'EEF1E1', 'EEF1G', 'EEF2', 'EEF2KMT', 'EEIG1', 'EEPD1', 'EFCAB11', 'EFCAB12', 'EFCAB14', 'EFCAB2', 'EFCAB3', 'EFCAB6', 'EFEMP1', 'EFEMP2', 'EFHB', 'EFHC1', 'EFHC2', 'EFHD1', 'EFL1', 'EFNA1', 'EFNA2', 'EFNA3', 'EFNA4', 'EFNA5', 'EFNB1', 'EFNB2', 'EFNB3', 'EFR3B', 'EFS', 'EFTUD2', 'EGF', 'EGFL6', 'EGFL7', 'EGFL8', 'EGFLAM', 'EGFR', 'EGLN1', 'EGLN2', 'EGLN3', 'EGR1', 'EGR2', 'EGR4', 'EHD1', 'EHD2', 'EHD3', 'EHD4', 'EHF', 'EHHADH', 'EHMT1', 'EHMT2', 'EI24', 'EID1', 'EID2', 'EID2B', 'EID3', 'EIF1', 'EIF1AD', 'EIF1AX', 'EIF1AY', 'EIF1B', 'EIF2A', 'EIF2AK1', 'EIF2AK2', 'EIF2AK3', 'EIF2B1', 'EIF2B2', 'EIF2B3', 'EIF2B4', 'EIF2B5', 'EIF2S1', 'EIF2S2', 'EIF2S3', 'EIF3A', 'EIF3B', 'EIF3C', 'EIF3CL', 'EIF3D', 'EIF3E', 'EIF3F', 'EIF3G', 'EIF3H', 'EIF3I', 'EIF3J', 'EIF3K', 'EIF3L', 'EIF3M', 'EIF4A1', 'EIF4A2', 'EIF4A3', 'EIF4B', 'EIF4E', 'EIF4E1B', 'EIF4E2', 'EIF4E3', 'EIF4EBP1', 'EIF4EBP2', 'EIF4EBP3', 'EIF4ENIF1', 'EIF4G1', 'EIF4G2', 'EIF4G3', 'EIF4H', 'EIF5', 'EIF5A', 'EIF5A2', 'EIF5B', 'EIF6', 'EIPR1', 'ELANE', 'ELAPOR1', 'ELAPOR2', 'ELAVL1', 'ELAVL2', 'ELAVL3', 'ELAVL4', 'ELF1', 'ELF2', 'ELF3', 'ELF4', 'ELF5', 'ELK1', 'ELK3', 'ELK4', 'ELL', 'ELL2', 'ELL3', 'ELMO1', 'ELMO2', 'ELMO3', 'ELMOD3', 'ELN', 'ELOA', 'ELOA2', 'ELOB', 'ELOC', 'ELOF1', 'ELOVL1', 'ELOVL2', 'ELOVL3', 'ELOVL4', 'ELOVL5', 'ELOVL6', 'ELOVL7', 'ELP1', 'ELP3', 'ELP4', 'ELP5', 'ELP6', 'EMB', 'EMC1', 'EMC2', 'EMC3', 'EMC4', 'EMC6', 'EMC7', 'EMC8', 'EMCN', 'EMD', 'EME1', 'EME2', 'EMG1', 'EMILIN1', 'EMILIN2', 'EMILIN3', 'EML1', 'EML2', 'EML3', 'EML4', 'EMP1', 'EMP2', 'EMP3', 'EMSY', 'EMX1', 'EMX2', 'ENAH', 'ENAM', 'ENC1', 'ENDOD1', 'ENDOG', 'ENDOV', 'ENG', 'ENKD1', 'ENKUR', 'ENO1', 'ENO2', 'ENO3', 'ENOPH1', 'ENOX1', 'ENOX2', 'ENPP1', 'ENPP6', 'ENPP7', 'ENSA', 'ENTHD1', 'ENTPD1', 'ENTPD3', 'ENTPD5', 'ENTPD8', 'ENTR1', 'ENTREP1', 'ENTREP3', 'ENY2', 'EOGT', 'EOLA1', 'EOMES', 'EP300', 'EP400', 'EP400P1', 'EPAS1', 'EPB41', 'EPB41L1', 'EPB41L2', 'EPB41L3', 'EPB41L5', 'EPB42', 'EPC1', 'EPCAM', 'EPDR1', 'EPG5', 'EPGN', 'EPHA10', 'EPHA2', 'EPHA3', 'EPHA4', 'EPHA5', 'EPHA6', 'EPHA7', 'EPHB1', 'EPHB2', 'EPHB3', 'EPHB4', 'EPHB6', 'EPHX1', 'EPHX4', 'EPM2A', 'EPM2AIP1', 'EPN1', 'EPN2', 'EPN3', 'EPO', 'EPOR', 'EPPIN', 'EPRS1', 'EPS15', 'EPS15L1', 'EPS8', 'EPS8L1', 'EPS8L2', 'EPS8L3', 'EPSTI1', 'ERAL1', 'ERAP1', 'ERAP2', 'ERAS', 'ERBB2', 'ERBB3', 'ERBB4', 'ERBIN', 'ERC1', 'ERC2', 'ERCC1', 'ERCC2', 'ERCC3', 'ERCC4', 'ERCC5', 'ERCC6', 'ERCC6L', 'ERCC6L2', 'ERCC8', 'EREG', 'ERF', 'ERG', 'ERG28', 'ERGIC1', 'ERGIC2', 'ERGIC3', 'ERH', 'ERI1', 'ERICH1', 'ERICH2', 'ERICH3', 'ERICH4', 'ERICH5', 'ERLEC1', 'ERLIN1', 'ERLIN2', 'ERMAP', 'ERMN', 'ERMP1', 'ERN1', 'ERO1A', 'ERO1B', 'ERP27', 'ERP29', 'ERP44', 'ERRFI1', 'ERVFRD-1', 'ERVH48-1', 'ESAM', 'ESCO2', 'ESD', 'ESM1', 'ESPL1', 'ESPNL', 'ESR1', 'ESR2', 'ESRP1', 'ESRP2', 'ESRRA', 'ESRRB', 'ESRRG', 'ESS2', 'ESYT1', 'ESYT2', 'ESYT3', 'ETAA1', 'ETF1', 'ETFA', 'ETFB', 'ETFDH', 'ETFRF1', 'ETHE1', 'ETNK1', 'ETNK2', 'ETNPPL', 'ETS1', 'ETS2', 'ETV1', 'ETV3L', 'ETV4', 'ETV5', 'ETV6', 'ETV7', 'EVA1A', 'EVA1B', 'EVI2A', 'EVI2B', 'EVI5', 'EVI5L', 'EVL', 'EVX2', 'EWSR1', 'EXD1', 'EXD2', 'EXD3', 'EXO1', 'EXOC1', 'EXOC2', 'EXOC3', 'EXOC3-AS1', 'EXOC3L1', 'EXOC3L2', 'EXOC4', 'EXOC5', 'EXOC6', 'EXOC7', 'EXOC8', 'EXOSC1', 'EXOSC10', 'EXOSC2', 'EXOSC3', 'EXOSC4', 'EXOSC5', 'EXOSC7', 'EXOSC8', 'EXOSC9', 'EXT1', 'EXT2', 'EXTL1', 'EXTL2', 'EXTL3', 'EYA1', 'EYA2', 'EYA3', 'EYA4', 'EZH1', 'EZH2', 'EZHIP', 'EZR', 'F10', 'F11', 'F11R', 'F12', 'F13A1', 'F2', 'F2R', 'F2RL1', 'F2RL2', 'F3', 'F5', 'F7', 'F8', 'F8A1', 'F9', 'FA2H', 'FAAH', 'FAAP100', 'FAAP20', 'FAAP24', 'FABP1', 'FABP2', 'FABP3', 'FABP5', 'FABP7', 'FADD', 'FADS2', 'FADS6', 'FAF1', 'FAF2', 'FAH', 'FAHD1', 'FAHD2A', 'FAHD2B', 'FAIM', 'FAIM2', 'FAM107A', 'FAM110A', 'FAM110B', 'FAM110C', 'FAM110D', 'FAM111A', 'FAM111B', 'FAM114A1', 'FAM114A2', 'FAM117B', 'FAM118A', 'FAM118B', 'FAM120A', 'FAM120AOS', 'FAM120B', 'FAM124A', 'FAM124B', 'FAM131B', 'FAM131C', 'FAM133A', 'FAM135B', 'FAM136A', 'FAM13C', 'FAM149B1', 'FAM151B', 'FAM153A', 'FAM153B', 'FAM156A', 'FAM161A', 'FAM161B', 'FAM162A', 'FAM163A', 'FAM163B', 'FAM167A', 'FAM167B', 'FAM168A', 'FAM168B', 'FAM170B', 'FAM171A1', 'FAM174A', 'FAM177A1', 'FAM180B', 'FAM184A', 'FAM185A', 'FAM193A', 'FAM193B', 'FAM199X', 'FAM200A', 'FAM200C', 'FAM204A', 'FAM209A', 'FAM20A', 'FAM20B', 'FAM20C', 'FAM210B', 'FAM217A', 'FAM217B', 'FAM218A', 'FAM219A', 'FAM219B', 'FAM220A', 'FAM221A', 'FAM221B', 'FAM222B', 'FAM228A', 'FAM229B', 'FAM234A', 'FAM234B', 'FAM241A', 'FAM241B', 'FAM24B', 'FAM25A', 'FAM27E3', 'FAM3B', 'FAM3C', 'FAM3D', 'FAM43A', 'FAM47A', 'FAM47B', 'FAM47E', 'FAM50A', 'FAM53B', 'FAM53C', 'FAM72A', 'FAM72B', 'FAM72D', 'FAM76B', 'FAM78A', 'FAM81A', 'FAM81B', 'FAM83A', 'FAM83B', 'FAM83C', 'FAM83D', 'FAM83E', 'FAM83F', 'FAM83G', 'FAM83H', 'FAM86B2', 'FAM8A1', 'FAM90A1', 'FAM91A1', 'FAM98A', 'FAM98B', 'FAM98C', 'FAM9A', 'FAM9B', 'FAM9C', 'FAN1', 'FANCA', 'FANCB', 'FANCC', 'FANCD2', 'FANCE', 'FANCF', 'FANCG', 'FANCI', 'FANCL', 'FANCM', 'FANK1', 'FAP', 'FAR1', 'FARS2', 'FARSA', 'FARSB', 'FAS', 'FASLG', 'FASN', 'FASTK', 'FASTKD1', 'FASTKD2', 'FASTKD3', 'FASTKD5', 'FAT1', 'FAT3', 'FAT4', 'FATE1', 'FAU', 'FAXDC2', 'FBF1', 'FBH1', 'FBL', 'FBLIM1', 'FBLN1', 'FBLN2', 'FBLN5', 'FBN1', 'FBN2', 'FBP1', 'FBP2', 'FBXL12', 'FBXL14', 'FBXL15', 'FBXL16', 'FBXL17', 'FBXL19', 'FBXL2', 'FBXL20', 'FBXL21P', 'FBXL22', 'FBXL3', 'FBXL4', 'FBXL5', 'FBXL6', 'FBXL7', 'FBXL8', 'FBXO10', 'FBXO11', 'FBXO15', 'FBXO16', 'FBXO17', 'FBXO2', 'FBXO21', 'FBXO22', 'FBXO24', 'FBXO25', 'FBXO27', 'FBXO28', 'FBXO3', 'FBXO30', 'FBXO31', 'FBXO32', 'FBXO33', 'FBXO34', 'FBXO38', 'FBXO39', 'FBXO4', 'FBXO42', 'FBXO43', 'FBXO44', 'FBXO45', 'FBXO46', 'FBXO48', 'FBXO5', 'FBXO6', 'FBXO7', 'FBXO8', 'FBXO9', 'FBXW11', 'FBXW2', 'FBXW4', 'FBXW5', 'FBXW7', 'FBXW7-AS1', 'FBXW8', 'FBXW9', 'FCAR', 'FCER1A', 'FCER1G', 'FCER2', 'FCGBP', 'FCGR1A', 'FCGR2A', 'FCGR2B', 'FCGR2C', 'FCGR3A', 'FCGRT', 'FCHO1', 'FCHO2', 'FCHSD2', 'FCMR', 'FCN1', 'FCN2', 'FCN3', 'FCRL2', 'FCRL3', 'FCRL4', 'FCRL5', 'FCRL6', 'FCSK', 'FDCSP', 'FDFT1', 'FDPS', 'FDX2', 'FDXACB1', 'FECH', 'FEM1A', 'FEM1B', 'FEM1C', 'FEN1', 'FER', 'FERD3L', 'FERMT2', 'FERMT3', 'FES', 'FETUB', 'FEZ1', 'FEZ2', 'FEZF1', 'FFAR2', 'FFAR3', 'FFAR4', 'FGA', 'FGB', 'FGD2', 'FGD5', 'FGD6', 'FGF1', 'FGF10', 'FGF11', 'FGF12', 'FGF13', 'FGF14', 'FGF16', 'FGF17', 'FGF19', 'FGF2', 'FGF21', 'FGF23', 'FGF3', 'FGF6', 'FGF7', 'FGFBP1', 'FGFBP2', 'FGFR1', 'FGFR1OP2', 'FGFR2', 'FGFR3', 'FGFR4', 'FGG', 'FGL1', 'FGL2', 'FGR', 'FH', 'FHIP1A', 'FHIP1B', 'FHIP2A', 'FHIT', 'FHL1', 'FHL2', 'FHL3', 'FHL5', 'FHOD1', 'FHOD3', 'FIBCD1', 'FIBP', 'FICD', 'FIG4', 'FIGLA', 'FIGN', 'FIGNL1', 'FILIP1L', 'FIP1L1', 'FIRRM', 'FIS1', 'FITM2', 'FKBP10', 'FKBP14', 'FKBP15', 'FKBP1A', 'FKBP1B', 'FKBP2', 'FKBP3', 'FKBP4', 'FKBP5', 'FKBP6', 'FKBP7', 'FKBP8', 'FKBPL', 'FKRP', 'FKTN', 'FLACC1', 'FLAD1', 'FLCN', 'FLG', 'FLI1', 'FLII', 'FLNA', 'FLNB', 'FLNC', 'FLOT1', 'FLOT2', 'FLRT3', 'FLT1', 'FLT3', 'FLT3LG', 'FLT4', 'FLVCR1', 'FLYWCH1', 'FMC1', 'FMNL1', 'FMNL3', 'FMO1', 'FMO3', 'FMO4', 'FMR1', 'FN1', 'FNBP1', 'FNBP1L', 'FNBP4', 'FNDC11', 'FNDC3B', 'FNDC8', 'FNDC9', 'FNIP1', 'FNIP2', 'FNTA', 'FNTB', 'FOCAD', 'FOLH1', 'FOLR1', 'FOLR3', 'FOS', 'FOSB', 'FOSL1', 'FOSL2', 'FOXA1', 'FOXA3', 'FOXB1', 'FOXC1', 'FOXC2', 'FOXD2', 'FOXD3', 'FOXD4', 'FOXD4L1', 'FOXD4L3', 'FOXD4L4', 'FOXD4L6', 'FOXE1', 'FOXG1', 'FOXH1', 'FOXI1', 'FOXJ1', 'FOXJ2', 'FOXJ3', 'FOXK1', 'FOXK2', 'FOXL2', 'FOXM1', 'FOXN1', 'FOXN2', 'FOXN3', 'FOXN4', 'FOXO1', 'FOXO3', 'FOXO4', 'FOXO6', 'FOXP1', 'FOXP2', 'FOXP3', 'FOXP4', 'FOXR1', 'FOXR2', 'FOXRED2', 'FPR1', 'FPR2', 'FPR3', 'FRA10AC1', 'FRAS1', 'FRAT1', 'FREM1', 'FREM2', 'FRG1', 'FRK', 'FRMD1', 'FRMD3', 'FRMD5', 'FRMD6', 'FRMD7', 'FRMD8', 'FRMPD1', 'FRMPD2', 'FRMPD4', 'FRS2', 'FRS3', 'FRYL', 'FRZB', 'FSBP', 'FSCN1', 'FSCN2', 'FSD2', 'FSHB', 'FSHR', 'FST', 'FSTL1', 'FSTL3', 'FSTL5', 'FTCD', 'FTH1', 'FTHL17', 'FTL', 'FTO', 'FTSJ1', 'FTSJ3', 'FUBP1', 'FUBP3', 'FUCA1', 'FUCA2', 'FUNDC1', 'FUNDC2', 'FURIN', 'FUS', 'FUT11', 'FUT2', 'FUT3', 'FUT7', 'FUT8', 'FUZ', 'FXN', 'FXR1', 'FXR2', 'FXYD2', 'FXYD3', 'FXYD5', 'FXYD6', 'FXYD7', 'FYB1', 'FYB2', 'FYCO1', 'FYN', 'FYTTD1', 'FZD1', 'FZD10', 'FZD2', 'FZD3', 'FZD4', 'FZD5', 'FZD6', 'FZD7', 'FZD8', 'FZR1', 'G0S2', 'G2E3', 'G3BP1', 'G3BP2', 'G6PC1', 'G6PD', 'GAB1', 'GAB2', 'GABARAP', 'GABARAPL1', 'GABARAPL2', 'GABBR1', 'GABBR2', 'GABPA', 'GABPB1', 'GABPB2', 'GABRA2', 'GABRA3', 'GABRB2', 'GABRD', 'GABRG1', 'GABRG2', 'GABRQ', 'GAD1', 'GAD2', 'GADD45A', 'GADD45B', 'GADD45G', 'GADD45GIP1', 'GAGE10', 'GAGE12B', 'GAGE5', 'GAK', 'GAL', 'GAL3ST2', 'GAL3ST3', 'GALK1', 'GALNT11', 'GALNT12', 'GALNT15', 'GALNT2', 'GALNT3', 'GALNT4', 'GALNT6', 'GALP', 'GALR1', 'GALR2', 'GALT', 'GAMT', 'GAN', 'GANAB', 'GAP43', 'GAPDH', 'GAPDHS', 'GAPVD1', 'GAR1', 'GAREM1', 'GARIN1A', 'GARIN1B', 'GARIN4', 'GARIN6', 'GARRE1', 'GARS1', 'GAS1', 'GAS2', 'GAS2L1', 'GAS2L2', 'GAS2L3', 'GAS6', 'GAS7', 'GAS8', 'GAST', 'GATA1', 'GATA2', 'GATA3', 'GATA4', 'GATA5', 'GATA6', 'GATAD2A', 'GATAD2B', 'GATB', 'GATC', 'GATD3', 'GATM', 'GBA1', 'GBA3', 'GBE1', 'GBF1', 'GBP1', 'GBP2', 'GBP3', 'GBP4', 'GBP5', 'GBP6', 'GBP7', 'GCA', 'GCC1', 'GCC2', 'GCFC2', 'GCG', 'GCH1', 'GCHFR', 'GCK', 'GCKR', 'GCLC', 'GCLM', 'GCM1', 'GCM2', 'GCNA', 'GCNT1', 'GCNT2', 'GCSAM', 'GCSAML', 'GCSH', 'GDAP1', 'GDAP2', 'GDE1', 'GDF11', 'GDF15', 'GDF2', 'GDF5', 'GDF5-AS1', 'GDF6', 'GDF7', 'GDI1', 'GDI2', 'GDNF', 'GDPD5', 'GEM', 'GEMIN2', 'GEMIN4', 'GEMIN5', 'GEMIN6', 'GEMIN7', 'GEMIN8', 'GET1', 'GET3', 'GET4', 'GFAP', 'GFER', 'GFI1', 'GFI1B', 'GFM1', 'GFM2', 'GFOD1', 'GFPT1', 'GFPT2', 'GFRA1', 'GFRA3', 'GFRAL', 'GFUS', 'GGA1', 'GGA2', 'GGA3', 'GGACT', 'GGH', 'GGN', 'GGPS1', 'GGT1', 'GGT2P', 'GGT6', 'GGT7', 'GGTLC1', 'GGTLC2', 'GH1', 'GHITM', 'GHR', 'GHRHR', 'GHRL', 'GHSR', 'GID4', 'GID8', 'GIGYF1', 'GIGYF2', 'GIMAP1', 'GIMAP2', 'GIMAP5', 'GIMAP7', 'GINM1', 'GINS1', 'GINS3', 'GINS4', 'GIP', 'GIPC1', 'GIPC2', 'GIPC3', 'GIPR', 'GIT1', 'GIT2', 'GJA1', 'GJA4', 'GJA5', 'GJA8', 'GJB1', 'GJB2', 'GJB3', 'GJB4', 'GJB5', 'GJB6', 'GJC1', 'GJC3', 'GJD3', 'GJD4', 'GK', 'GK2', 'GKAP1', 'GKN1', 'GKN2', 'GLA', 'GLB1', 'GLB1L2', 'GLCCI1', 'GLE1', 'GLI1', 'GLI2', 'GLI3', 'GLI4', 'GLIPR1', 'GLIPR1L2', 'GLIS1', 'GLIS2', 'GLIS3', 'GLMN', 'GLO1', 'GLP1R', 'GLRA1', 'GLRA3', 'GLRB', 'GLRX', 'GLRX2', 'GLRX3', 'GLRX5', 'GLS', 'GLS2', 'GLTP', 'GLUD1', 'GLUD2', 'GLUL', 'GLYAT', 'GLYCTK', 'GLYR1', 'GM2A', 'GMCL1', 'GMCL2', 'GMDS', 'GMEB2', 'GMIP', 'GMNC', 'GMNN', 'GMPPA', 'GMPPB', 'GMPR', 'GMPR2', 'GNA11', 'GNA12', 'GNA13', 'GNA14', 'GNAI1', 'GNAI2', 'GNAI3', 'GNAL', 'GNAO1', 'GNAQ', 'GNAS', 'GNAZ', 'GNB1', 'GNB2', 'GNB3', 'GNB4', 'GNB5', 'GNG10', 'GNG11', 'GNG12', 'GNG13', 'GNG2', 'GNG3', 'GNG4', 'GNG5', 'GNG7', 'GNG8', 'GNGT1', 'GNL2', 'GNL3', 'GNL3L', 'GNLY', 'GNMT', 'GNPDA1', 'GNPDA2', 'GNPNAT1', 'GNPTAB', 'GNPTG', 'GNS', 'GOLGA1', 'GOLGA2', 'GOLGA2P5', 'GOLGA3', 'GOLGA4', 'GOLGA6A', 'GOLGA6L2', 'GOLGA6L9', 'GOLGA7', 'GOLGA7B', 'GOLGA8DP', 'GOLGA8O', 'GOLGB1', 'GOLM1', 'GOLPH3', 'GOLPH3L', 'GOLT1A', 'GON7', 'GOPC', 'GORAB', 'GORASP1', 'GORASP2', 'GOSR2', 'GOT1', 'GOT1L1', 'GP1BA', 'GP1BB', 'GP2', 'GP5', 'GP6', 'GP9', 'GPA33', 'GPAA1', 'GPAM', 'GPANK1', 'GPAT4', 'GPATCH11', 'GPATCH2', 'GPATCH2L', 'GPATCH3', 'GPATCH4', 'GPATCH8', 'GPBAR1', 'GPBP1', 'GPBP1L1', 'GPC1', 'GPC2', 'GPC3', 'GPC4', 'GPC5', 'GPC6', 'GPCPD1', 'GPD1', 'GPD1L', 'GPER1', 'GPHA2', 'GPHB5', 'GPHN', 'GPI', 'GPIHBP1', 'GPKOW', 'GPM6A', 'GPM6B', 'GPN1', 'GPN2', 'GPN3', 'GPNMB', 'GPR101', 'GPR108', 'GPR119', 'GPR135', 'GPR137B', 'GPR141', 'GPR143', 'GPR148', 'GPR15', 'GPR151', 'GPR152', 'GPR15LG', 'GPR160', 'GPR161', 'GPR162', 'GPR17', 'GPR173', 'GPR179', 'GPR25', 'GPR3', 'GPR31', 'GPR37', 'GPR37L1', 'GPR39', 'GPR42', 'GPR50', 'GPR6', 'GPR61', 'GPR62', 'GPR78', 'GPR84', 'GPR85', 'GPR89B', 'GPRASP1', 'GPRASP2', 'GPRASP3', 'GPRC5A', 'GPRC5D', 'GPRIN1', 'GPRIN2', 'GPS1', 'GPS2', 'GPSM1', 'GPSM2', 'GPX1', 'GPX3', 'GPX4', 'GPX7', 'GPX8', 'GRAMD1A', 'GRAMD1C', 'GRAMD2A', 'GRAMD2B', 'GRAMD4', 'GRAP', 'GRAP2', 'GRAPL', 'GRB10', 'GRB14', 'GRB2', 'GRB7', 'GREM1', 'GRHL1', 'GRHL2', 'GRHL3', 'GRHPR', 'GRIA1', 'GRIA2', 'GRIA4', 'GRID1', 'GRID2', 'GRID2IP', 'GRIN1', 'GRIN2A', 'GRIN2B', 'GRIN2C', 'GRIN2D', 'GRIN3A', 'GRINA', 'GRIP1', 'GRIP2', 'GRIPAP1', 'GRK2', 'GRK3', 'GRK4', 'GRK5', 'GRK6', 'GRK7', 'GRM1', 'GRM2', 'GRM3', 'GRM5', 'GRM6', 'GRN', 'GRP', 'GRPEL1', 'GRPEL2', 'GRSF1', 'GRWD1', 'GRXCR1', 'GSAP', 'GSC2', 'GSDMA', 'GSDMD', 'GSDME', 'GSE1', 'GSG1', 'GSG1L', 'GSK3A', 'GSK3B', 'GSKIP', 'GSN', 'GSPT1', 'GSPT2', 'GSS', 'GSTA1', 'GSTA2', 'GSTA4', 'GSTA5', 'GSTCD', 'GSTM3', 'GSTM4', 'GSTM5', 'GSTO1', 'GSTO2', 'GSTP1', 'GSTT1', 'GSTZ1', 'GSX1', 'GTF2A1', 'GTF2A1L', 'GTF2A2', 'GTF2B', 'GTF2E1', 'GTF2E2', 'GTF2F1', 'GTF2F2', 'GTF2H1', 'GTF2H2', 'GTF2H2C', 'GTF2H3', 'GTF2H4', 'GTF2H5', 'GTF2I', 'GTF2IRD1', 'GTF2IRD2', 'GTF2IRD2B', 'GTF3C1', 'GTF3C2', 'GTF3C4', 'GTF3C5', 'GTF3C6', 'GTPBP1', 'GTPBP10', 'GTPBP2', 'GTPBP3', 'GTPBP4', 'GTPBP8', 'GTSE1', 'GTSF1L', 'GUCA1A', 'GUCA1B', 'GUCA1C', 'GUCA2A', 'GUCA2B', 'GUCD1', 'GUCY1A1', 'GUCY1A2', 'GUCY1B1', 'GUCY2C', 'GUCY2D', 'GUK1', 'GUSBP1', 'GYG1', 'GYG2', 'GYPA', 'GYPB', 'GYPC', 'GYS1', 'GZMA', 'GZMB', 'GZMK', 'GZMM', 'H1-0', 'H1-1', 'H1-2', 'H1-3', 'H1-4', 'H1-5', 'H1-7', 'H2AB2', 'H2AC11', 'H2AC14', 'H2AC18', 'H2AC21', 'H2AC25', 'H2AC4', 'H2AC6', 'H2AP', 'H2AX', 'H2AZ1', 'H2BC10', 'H2BC11', 'H2BC12', 'H2BC13', 'H2BC17', 'H2BC21', 'H2BC3', 'H2BC5', 'H2BC9', 'H2BW1', 'H3-3A', 'H3-4', 'H3-5', 'H3C1', 'H3C13', 'H4C1', 'H4C7', 'HAAO', 'HABP4', 'HACD1', 'HACD2', 'HACD3', 'HACD4', 'HACE1', 'HACL1', 'HADHA', 'HADHB', 'HAGH', 'HAGHL', 'HAL', 'HAND1', 'HAND2', 'HAO2', 'HAP1', 'HAPLN2', 'HAPSTR1', 'HAPSTR2', 'HARBI1', 'HARS2', 'HAS1', 'HAS2', 'HAS3', 'HASPIN', 'HAT1', 'HAUS1', 'HAUS2', 'HAUS3', 'HAUS4', 'HAUS5', 'HAUS6', 'HAUS7', 'HAUS8', 'HAVCR1', 'HAVCR2', 'HAX1', 'HBA1', 'HBB', 'HBD', 'HBE1', 'HBEGF', 'HBG2', 'HBM', 'HBP1', 'HBQ1', 'HBZ', 'HCCS', 'HCFC1', 'HCFC2', 'HCK', 'HCLS1', 'HCN1', 'HCN2', 'HCN3', 'HCRTR1', 'HCRTR2', 'HCST', 'HDAC1', 'HDAC10', 'HDAC11', 'HDAC2', 'HDAC3', 'HDAC4', 'HDAC5', 'HDAC6', 'HDAC7', 'HDAC8', 'HDAC9', 'HDC', 'HDDC2', 'HDDC3', 'HDGF', 'HDGFL2', 'HDHD2', 'HDHD3', 'HDLBP', 'HDX', 'HEATR1', 'HEATR5A', 'HEATR5B', 'HEATR9', 'HEBP2', 'HECTD1', 'HECTD3', 'HECW1', 'HECW2', 'HEG1', 'HELLS', 'HELQ', 'HELZ', 'HELZ2', 'HEMGN', 'HENMT1', 'HEPACAM2', 'HEPH', 'HERC2', 'HERC3', 'HERC5', 'HERPUD1', 'HERPUD2', 'HES1', 'HES4', 'HES6', 'HES7', 'HESX1', 'HEXA', 'HEXB', 'HEXIM1', 'HEXIM2', 'HEY1', 'HEY2', 'HEYL', 'HFE', 'HGD', 'HGF', 'HGFAC', 'HGH1', 'HGS', 'HHAT', 'HHATL', 'HHEX', 'HHIP', 'HHIPL1', 'HHIPL2', 'HHLA2', 'HIBADH', 'HIC1', 'HIC2', 'HID1', 'HIF1A', 'HIF1AN', 'HIGD1C', 'HIGD2B', 'HIKESHI', 'HINFP', 'HINT1', 'HINT2', 'HIP1', 'HIP1R', 'HIPK1', 'HIPK2', 'HIPK4', 'HIRA', 'HIRIP3', 'HIVEP1', 'HIVEP2', 'HIVEP3', 'HJURP', 'HJV', 'HK1', 'HK2', 'HK3', 'HLA-A', 'HLA-B', 'HLA-C', 'HLA-DMA', 'HLA-DMB', 'HLA-DOA', 'HLA-DPA1', 'HLA-DPB1', 'HLA-DQA1', 'HLA-DQA2', 'HLA-DQB1', 'HLA-DRA', 'HLA-DRB1', 'HLA-DRB3', 'HLA-E', 'HLA-F', 'HLA-G', 'HLA-H', 'HLCS', 'HLF', 'HLTF', 'HLX', 'HM13', 'HMBOX1', 'HMBS', 'HMCES', 'HMCN1', 'HMG20A', 'HMG20B', 'HMGA1', 'HMGA2', 'HMGB1', 'HMGB2', 'HMGB3', 'HMGB4', 'HMGCR', 'HMGCS1', 'HMGN1', 'HMGN2', 'HMGN3', 'HMGN4', 'HMGXB4', 'HMMR', 'HMOX1', 'HMOX2', 'HNF1A', 'HNF1B', 'HNF4A', 'HNF4G', 'HNRNPA0', 'HNRNPA1', 'HNRNPA1L2', 'HNRNPA2B1', 'HNRNPA3', 'HNRNPAB', 'HNRNPC', 'HNRNPCL1', 'HNRNPCL2', 'HNRNPD', 'HNRNPDL', 'HNRNPF', 'HNRNPH1', 'HNRNPH2', 'HNRNPH3', 'HNRNPK', 'HNRNPL', 'HNRNPLL', 'HNRNPM', 'HNRNPR', 'HNRNPU', 'HNRNPUL1', 'HOGA1', 'HOMER1', 'HOMER2', 'HOMER3', 'HOMEZ', 'HOOK1', 'HOOK2', 'HOOK3', 'HOPX', 'HORMAD1', 'HORMAD2', 'HOXA1', 'HOXA10', 'HOXA3', 'HOXA5', 'HOXA7', 'HOXA9', 'HOXB-AS3', 'HOXB13', 'HOXB2', 'HOXB5', 'HOXB6', 'HOXB7', 'HOXB9', 'HOXC10', 'HOXC11', 'HOXC13', 'HOXC4', 'HOXC5', 'HOXC8', 'HOXC9', 'HOXD10', 'HOXD12', 'HOXD3', 'HOXD4', 'HOXD8', 'HP', 'HP1BP3', 'HPCA', 'HPCAL1', 'HPCAL4', 'HPD', 'HPF1', 'HPGDS', 'HPN', 'HPRT1', 'HPS1', 'HPS3', 'HPS4', 'HPS5', 'HPS6', 'HPSE', 'HPX', 'HR', 'HRAS', 'HRC', 'HRG', 'HRK', 'HROB', 'HS1BP3', 'HS2ST1', 'HS3ST5', 'HS6ST1', 'HSBP1', 'HSBP1L1', 'HSCB', 'HSD17B1', 'HSD17B10', 'HSD17B11', 'HSD17B12', 'HSD17B13', 'HSD17B14', 'HSD17B2', 'HSD17B3', 'HSD17B8', 'HSD3B1', 'HSD3B2', 'HSD3B7', 'HSDL1', 'HSF1', 'HSF2', 'HSF2BP', 'HSF4', 'HSFX1', 'HSFY1', 'HSH2D', 'HSP90AA1', 'HSP90AB1', 'HSP90B1', 'HSPA12A', 'HSPA12B', 'HSPA13', 'HSPA14', 'HSPA1A', 'HSPA1B', 'HSPA1L', 'HSPA2', 'HSPA4', 'HSPA4L', 'HSPA5', 'HSPA6', 'HSPA8', 'HSPA9', 'HSPB1', 'HSPB2', 'HSPB7', 'HSPB8', 'HSPB9', 'HSPBAP1', 'HSPBP1', 'HSPD1', 'HSPE1', 'HSPG2', 'HSPH1', 'HTATIP2', 'HTATSF1', 'HTN1', 'HTN3', 'HTR1A', 'HTR1B', 'HTR1E', 'HTR2A', 'HTR2B', 'HTR2C', 'HTR3A', 'HTR3C', 'HTR3D', 'HTR3E', 'HTR4', 'HTR6', 'HTR7', 'HTRA1', 'HTRA2', 'HTRA3', 'HTRA4', 'HTT', 'HUNK', 'HUS1', 'HUWE1', 'HVCN1', 'HYAL2', 'HYAL3', 'HYAL4', 'HYCC1', 'HYCC2', 'HYDIN', 'HYI', 'HYLS1', 'HYPK', 'IAPP', 'IARS1', 'IBA57', 'IBSP', 'ICA1', 'ICA1L', 'ICAM1', 'ICAM3', 'ICAM4', 'ICAM5', 'ICE1', 'ICE2', 'ICMT', 'ICOSLG', 'ID1', 'ID2', 'ID3', 'ID4', 'IDE', 'IDH1', 'IDH3A', 'IDH3B', 'IDH3G', 'IDI1', 'IDI2', 'IDO2', 'IDS', 'IER2', 'IER3', 'IER5', 'IFFO1', 'IFI16', 'IFI27', 'IFI27L1', 'IFI30', 'IFI35', 'IFI44', 'IFI6', 'IFIH1', 'IFIT1', 'IFIT1B', 'IFIT2', 'IFIT3', 'IFIT5', 'IFITM1', 'IFITM3', 'IFNA1', 'IFNA14', 'IFNA16', 'IFNA2', 'IFNA21', 'IFNA4', 'IFNA6', 'IFNA8', 'IFNAR1', 'IFNAR2', 'IFNB1', 'IFNG', 'IFNGR1', 'IFNGR2', 'IFNLR1', 'IFNW1', 'IFRD2', 'IFT122', 'IFT140', 'IFT172', 'IFT20', 'IFT22', 'IFT25', 'IFT27', 'IFT43', 'IFT46', 'IFT52', 'IFT56', 'IFT57', 'IFT70A', 'IFT70B', 'IFT74', 'IFT80', 'IFT81', 'IFT88', 'IFTAP', 'IGBP1', 'IGDCC3', 'IGDCC4', 'IGF1', 'IGF1R', 'IGF2', 'IGF2BP1', 'IGF2BP2', 'IGF2BP3', 'IGF2R', 'IGFBP1', 'IGFBP2', 'IGFBP3', 'IGFBP4', 'IGFBP5', 'IGFBP6', 'IGFBP7', 'IGFBPL1', 'IGFL1', 'IGFL2', 'IGFLR1', 'IGFN1', 'IGHMBP2', 'IGLL1', 'IGSF1', 'IGSF11', 'IGSF5', 'IGSF8', 'IGSF9', 'IHH', 'IHO1', 'IK', 'IKBIP', 'IKBKB', 'IKBKE', 'IKBKG', 'IKZF1', 'IKZF2', 'IKZF3', 'IKZF4', 'IKZF5', 'IL10', 'IL10RA', 'IL10RB', 'IL11', 'IL11RA', 'IL12A', 'IL12B', 'IL13', 'IL13RA1', 'IL13RA2', 'IL15', 'IL15RA', 'IL16', 'IL17A', 'IL17F', 'IL17RA', 'IL17RB', 'IL17RC', 'IL17RD', 'IL17RE', 'IL18', 'IL18BP', 'IL18R1', 'IL18RAP', 'IL19', 'IL1A', 'IL1B', 'IL1F10', 'IL1R1', 'IL1R2', 'IL1RAP', 'IL1RAPL1', 'IL1RAPL2', 'IL1RL1', 'IL1RN', 'IL2', 'IL20', 'IL20RA', 'IL20RB', 'IL21', 'IL21R', 'IL22', 'IL22RA1', 'IL23A', 'IL23R', 'IL24', 'IL25', 'IL27', 'IL27RA', 'IL2RA', 'IL2RB', 'IL2RG', 'IL3', 'IL31', 'IL32', 'IL33', 'IL34', 'IL36A', 'IL36RN', 'IL37', 'IL3RA', 'IL4', 'IL4I1', 'IL4R', 'IL5', 'IL5RA', 'IL6', 'IL6R', 'IL6ST', 'IL7', 'IL7R', 'IL9R', 'ILDR1', 'ILF2', 'ILF3', 'ILK', 'ILKAP', 'ILRUN', 'ILVBL', 'IMMP2L', 'IMMT', 'IMP3', 'IMP4', 'IMPA1', 'IMPA2', 'IMPACT', 'IMPDH1', 'IMPDH2', 'INA', 'INAVA', 'INCA1', 'INCENP', 'INF2', 'ING1', 'ING2', 'ING4', 'ING5', 'INHA', 'INHBA', 'INHBB', 'INIP', 'INKA1', 'INMT', 'INO80', 'INO80B', 'INO80C', 'INO80E', 'INPP1', 'INPP4A', 'INPP4B', 'INPP5A', 'INPP5B', 'INPP5D', 'INPP5E', 'INPP5F', 'INPP5J', 'INPP5K', 'INPPL1', 'INS', 'INSC', 'INSIG1', 'INSIG2', 'INSL3', 'INSR', 'INSRR', 'INSYN1', 'INSYN2A', 'INTS1', 'INTS10', 'INTS11', 'INTS12', 'INTS13', 'INTS14', 'INTS2', 'INTS3', 'INTS4', 'INTS5', 'INTS6', 'INTS7', 'INTS8', 'INTS9', 'INTU', 'INVS', 'IP6K1', 'IP6K2', 'IP6K3', 'IPCEF1', 'IPMK', 'IPO11', 'IPO13', 'IPO4', 'IPO5', 'IPO7', 'IPO8', 'IPO9', 'IPPK', 'IQCB1', 'IQCC', 'IQCD', 'IQCE', 'IQCF1', 'IQCF2', 'IQCF3', 'IQCJ-SCHIP1', 'IQCN', 'IQGAP1', 'IQGAP2', 'IQGAP3', 'IQSEC1', 'IQSEC2', 'IQUB', 'IRAG1', 'IRAG2', 'IRAK1', 'IRAK1BP1', 'IRAK2', 'IRAK3', 'IRAK4', 'IREB2', 'IRF1', 'IRF2', 'IRF2BP1', 'IRF2BPL', 'IRF3', 'IRF4', 'IRF5', 'IRF6', 'IRF7', 'IRF8', 'IRF9', 'IRGC', 'IRGM', 'IRGQ', 'IRS1', 'IRS4', 'IRX2', 'IRX2-DT', 'IRX4', 'IRX6', 'ISCA1', 'ISCA2', 'ISCU', 'ISG15', 'ISG20L2', 'ISL1', 'ISL2', 'ISLR2', 'ISM2', 'ISOC1', 'ISOC2', 'IST1', 'ISX', 'ISY1', 'ISYNA1', 'ITCH', 'ITFG2', 'ITGA1', 'ITGA2', 'ITGA2B', 'ITGA3', 'ITGA4', 'ITGA5', 'ITGA6', 'ITGA7', 'ITGA9', 'ITGAL', 'ITGAM', 'ITGAV', 'ITGAX', 'ITGB1', 'ITGB1BP1', 'ITGB1BP2', 'ITGB2', 'ITGB3', 'ITGB3BP', 'ITGB4', 'ITGB5', 'ITGB6', 'ITGB7', 'ITIH1', 'ITIH2', 'ITIH3', 'ITIH4', 'ITIH6', 'ITK', 'ITLN1', 'ITLN2', 'ITM2A', 'ITM2B', 'ITM2C', 'ITPK1', 'ITPKB', 'ITPR1', 'ITPR2', 'ITPR3', 'ITPRID2', 'ITPRIP', 'ITPRIPL1', 'ITSN1', 'ITSN2', 'IVD', 'IVL', 'IVNS1ABP', 'IWS1', 'IYD', 'IZUMO1', 'IZUMO1R', 'JADE1', 'JADE2', 'JADE3', 'JAG1', 'JAGN1', 'JAK1', 'JAK2', 'JAK3', 'JAKMIP1', 'JAKMIP2', 'JAM2', 'JAM3', 'JAML', 'JARID2', 'JAZF1', 'JDP2', 'JKAMP', 'JMJD1C', 'JMJD4', 'JMJD6', 'JMJD7', 'JMJD8', 'JMY', 'JOSD1', 'JOSD2', 'JPH1', 'JPH2', 'JPH3', 'JPH4', 'JPT1', 'JPT2', 'JRK', 'JSRP1', 'JUN', 'JUNB', 'JUND', 'JUP', 'KALRN', 'KANK1', 'KANK2', 'KANK4', 'KANSL1', 'KANSL2', 'KANSL3', 'KARS1', 'KASH5', 'KAT14', 'KAT2A', 'KAT2B', 'KAT5', 'KAT6A', 'KAT6B', 'KAT7', 'KAT8', 'KATNA1', 'KATNAL1', 'KATNAL2', 'KATNB1', 'KATNBL1', 'KATNIP', 'KAZALD1', 'KAZN', 'KBTBD13', 'KBTBD2', 'KBTBD4', 'KBTBD6', 'KBTBD7', 'KBTBD8', 'KCMF1', 'KCNA1', 'KCNA10', 'KCNA2', 'KCNA3', 'KCNA4', 'KCNA5', 'KCNA6', 'KCNA7', 'KCNAB1', 'KCNAB2', 'KCNAB3', 'KCNB1', 'KCNB2', 'KCNC1', 'KCNC3', 'KCNC4', 'KCND2', 'KCND3', 'KCNE1', 'KCNE2', 'KCNE3', 'KCNE4', 'KCNE5', 'KCNF1', 'KCNG3', 'KCNH1', 'KCNH2', 'KCNH3', 'KCNIP1', 'KCNIP2', 'KCNIP3', 'KCNIP4', 'KCNJ1', 'KCNJ10', 'KCNJ11', 'KCNJ12', 'KCNJ15', 'KCNJ18', 'KCNJ2', 'KCNJ3', 'KCNJ4', 'KCNJ5', 'KCNJ5-AS1', 'KCNJ6', 'KCNJ8', 'KCNJ9', 'KCNK1', 'KCNK12', 'KCNK13', 'KCNK16', 'KCNK17', 'KCNK3', 'KCNK4', 'KCNK5', 'KCNK9', 'KCNMA1', 'KCNMB1', 'KCNMB4', 'KCNN2', 'KCNN3', 'KCNN4', 'KCNQ1', 'KCNQ2', 'KCNQ3', 'KCNQ4', 'KCNQ5', 'KCNRG', 'KCNS1', 'KCNS2', 'KCNT1', 'KCNT2', 'KCNV2', 'KCTD1', 'KCTD10', 'KCTD12', 'KCTD13', 'KCTD14', 'KCTD15', 'KCTD17', 'KCTD19', 'KCTD2', 'KCTD21', 'KCTD4', 'KCTD5', 'KCTD6', 'KCTD7', 'KCTD8', 'KCTD9', 'KDELR1', 'KDELR3', 'KDF1', 'KDM1A', 'KDM1B', 'KDM2B', 'KDM3A', 'KDM4A', 'KDM4D', 'KDM5A', 'KDM5B', 'KDM5C', 'KDM5D', 'KDM6A', 'KDM6B', 'KDM8', 'KDR', 'KDSR', 'KEAP1', 'KEL', 'KHDC3L', 'KHDC4', 'KHDRBS1', 'KHDRBS2', 'KHDRBS3', 'KHK', 'KHNYN', 'KHSRP', 'KIAA0232', 'KIAA0319', 'KIAA0319L', 'KIAA0408', 'KIAA0586', 'KIAA0753', 'KIAA0825', 'KIAA0930', 'KIAA1143', 'KIAA1191', 'KIAA1217', 'KIAA1328', 'KIAA1549', 'KIAA1671', 'KIAA1958', 'KIAA2013', 'KIDINS220', 'KIF11', 'KIF13A', 'KIF13B', 'KIF14', 'KIF15', 'KIF16B', 'KIF18A', 'KIF18B', 'KIF1A', 'KIF1B', 'KIF1C', 'KIF20A', 'KIF20B', 'KIF21A', 'KIF21B', 'KIF22', 'KIF23', 'KIF24', 'KIF26A', 'KIF27', 'KIF2A', 'KIF2C', 'KIF3A', 'KIF3B', 'KIF3C', 'KIF4A', 'KIF5A', 'KIF5B', 'KIF5C', 'KIF6', 'KIF7', 'KIF9', 'KIFAP3', 'KIFBP', 'KIFC3', 'KIN', 'KIR2DL1', 'KIR2DL3', 'KIR2DL4', 'KIR2DS4', 'KIR3DL1', 'KIR3DL2', 'KIR3DL3', 'KIRREL1', 'KIRREL2', 'KIRREL3', 'KIRREL3-AS3', 'KISS1', 'KISS1R', 'KIT', 'KITLG', 'KIZ', 'KLB', 'KLC1', 'KLC2', 'KLC3', 'KLC4', 'KLF1', 'KLF10', 'KLF11', 'KLF15', 'KLF16', 'KLF17', 'KLF3', 'KLF4', 'KLF5', 'KLF6', 'KLHDC10', 'KLHDC3', 'KLHDC4', 'KLHDC7A', 'KLHDC7B', 'KLHDC8A', 'KLHDC9', 'KLHL1', 'KLHL10', 'KLHL11', 'KLHL12', 'KLHL13', 'KLHL15', 'KLHL17', 'KLHL18', 'KLHL2', 'KLHL20', 'KLHL21', 'KLHL22', 'KLHL23', 'KLHL24', 'KLHL25', 'KLHL26', 'KLHL29', 'KLHL3', 'KLHL32', 'KLHL35', 'KLHL36', 'KLHL38', 'KLHL40', 'KLHL41', 'KLHL42', 'KLHL5', 'KLHL6', 'KLHL7', 'KLHL8', 'KLHL9', 'KLK13', 'KLK15', 'KLK3', 'KLK5', 'KLK6', 'KLK8', 'KLKB1', 'KLRB1', 'KLRC1', 'KLRD1', 'KLRF2', 'KLRG1', 'KLRK1', 'KMO', 'KMT2A', 'KMT2B', 'KMT2C', 'KMT2D', 'KMT2E', 'KMT5A', 'KMT5B', 'KMT5C', 'KNG1', 'KNL1', 'KNOP1', 'KNSTRN', 'KNTC1', 'KPNA1', 'KPNA2', 'KPNA3', 'KPNA4', 'KPNA5', 'KPNA6', 'KPNA7', 'KPNB1', 'KPRP', 'KRAS', 'KRBA1', 'KRBA2', 'KRBOX4', 'KRBOX5', 'KRCC1', 'KREMEN1', 'KRIT1', 'KRR1', 'KRT1', 'KRT10', 'KRT13', 'KRT14', 'KRT15', 'KRT16', 'KRT17', 'KRT18', 'KRT19', 'KRT2', 'KRT20', 'KRT222', 'KRT23', 'KRT24', 'KRT25', 'KRT26', 'KRT27', 'KRT28', 'KRT3', 'KRT31', 'KRT32', 'KRT33B', 'KRT34', 'KRT35', 'KRT36', 'KRT37', 'KRT38', 'KRT39', 'KRT4', 'KRT40', 'KRT5', 'KRT6A', 'KRT6B', 'KRT6C', 'KRT7', 'KRT71', 'KRT72', 'KRT73', 'KRT74', 'KRT75', 'KRT76', 'KRT77', 'KRT78', 'KRT79', 'KRT8', 'KRT80', 'KRT81', 'KRT82', 'KRT83', 'KRT85', 'KRT86', 'KRTAP1-1', 'KRTAP1-3', 'KRTAP1-5', 'KRTAP10-10', 'KRTAP10-11', 'KRTAP10-4', 'KRTAP10-5', 'KRTAP10-6', 'KRTAP10-7', 'KRTAP10-8', 'KRTAP10-9', 'KRTAP11-1', 'KRTAP12-1', 'KRTAP12-2', 'KRTAP12-3', 'KRTAP12-4', 'KRTAP13-2', 'KRTAP13-3', 'KRTAP13-4', 'KRTAP15-1', 'KRTAP17-1', 'KRTAP19-1', 'KRTAP19-2', 'KRTAP19-3', 'KRTAP19-4', 'KRTAP19-5', 'KRTAP19-6', 'KRTAP19-7', 'KRTAP2-3', 'KRTAP2-4', 'KRTAP21-2', 'KRTAP23-1', 'KRTAP26-1', 'KRTAP3-1', 'KRTAP3-2', 'KRTAP3-3', 'KRTAP4-1', 'KRTAP4-11', 'KRTAP4-12', 'KRTAP4-2', 'KRTAP4-4', 'KRTAP4-5', 'KRTAP4-7', 'KRTAP5-11', 'KRTAP5-2', 'KRTAP5-3', 'KRTAP5-4', 'KRTAP5-6', 'KRTAP5-7', 'KRTAP5-8', 'KRTAP5-9', 'KRTAP6-1', 'KRTAP6-2', 'KRTAP6-3', 'KRTAP7-1', 'KRTAP8-1', 'KRTAP9-2', 'KRTAP9-3', 'KRTAP9-4', 'KRTCAP3', 'KSR1', 'KSR2', 'KTI12', 'KTN1', 'KXD1', 'KYAT1', 'KYNU', 'L1CAM', 'L1TD1', 'L3MBTL1', 'L3MBTL2', 'L3MBTL3', 'L3MBTL4', 'LACC1', 'LACRT', 'LACTB', 'LACTB2', 'LAG3', 'LAGE3', 'LAIR1', 'LAIR2', 'LAMA1', 'LAMA4', 'LAMB1', 'LAMB2', 'LAMB3', 'LAMP1', 'LAMP2', 'LAMTOR1', 'LAMTOR3', 'LAMTOR4', 'LAMTOR5', 'LANCL1', 'LANCL2', 'LAP3', 'LAPTM4A', 'LAPTM4B', 'LAPTM5', 'LARGE1', 'LARGE2', 'LARP1', 'LARP1B', 'LARP4', 'LARP4B', 'LARP6', 'LARP7', 'LARS1', 'LAS1L', 'LASP1', 'LAT', 'LAT2', 'LATS1', 'LATS2', 'LAX1', 'LAYN', 'LBH', 'LBHD1', 'LBP', 'LBR', 'LBX1', 'LBX2', 'LCA5', 'LCA5L', 'LCAT', 'LCE1A', 'LCE1B', 'LCE1C', 'LCE1D', 'LCE1E', 'LCE1F', 'LCE2A', 'LCE2B', 'LCE2C', 'LCE2D', 'LCE3A', 'LCE3B', 'LCE3C', 'LCE3D', 'LCE3E', 'LCE4A', 'LCE5A', 'LCK', 'LCLAT1', 'LCMT1', 'LCMT2', 'LCN1', 'LCN15', 'LCN2', 'LCN9', 'LCOR', 'LCORL', 'LCP2', 'LDAF1', 'LDB1', 'LDB2', 'LDB3', 'LDHA', 'LDHAL6B', 'LDHB', 'LDHC', 'LDHD', 'LDLR', 'LDLRAD1', 'LDLRAD3', 'LDLRAD4', 'LDLRAP1', 'LDOC1', 'LECT2', 'LEF1', 'LELP1', 'LEMD1', 'LEMD2', 'LEMD3', 'LENG1', 'LENG8', 'LEO1', 'LEP', 'LEPR', 'LEPROT', 'LEPROTL1', 'LETM1', 'LETMD1', 'LEUTX', 'LGALS1', 'LGALS13', 'LGALS14', 'LGALS2', 'LGALS3', 'LGALS3BP', 'LGALS4', 'LGALS7', 'LGALS8', 'LGALS9', 'LGALS9B', 'LGALS9C', 'LGALSL', 'LGI1', 'LGMN', 'LGR4', 'LGR5', 'LGR6', 'LHB', 'LHFPL1', 'LHFPL2', 'LHFPL3', 'LHFPL4', 'LHFPL5', 'LHPP', 'LHX1', 'LHX2', 'LHX3', 'LHX4', 'LHX5', 'LHX6', 'LHX8', 'LHX9', 'LIAT1', 'LIF', 'LIFR', 'LIG1', 'LIG3', 'LIG4', 'LILRA1', 'LILRA3', 'LILRA4', 'LILRB1', 'LILRB2', 'LILRB3', 'LILRB4', 'LIMA1', 'LIMCH1', 'LIMD1', 'LIMD2', 'LIME1', 'LIMK1', 'LIMK2', 'LIMS1', 'LIMS2', 'LIMS4', 'LIN28A', 'LIN28B', 'LIN37', 'LIN52', 'LIN54', 'LIN7A', 'LIN7B', 'LIN7C', 'LIN9', 'LINC-PINT', 'LINC00242', 'LINC00482', 'LINC00518', 'LINC00526', 'LINC01561', 'LINC02875', 'LINC02913', 'LINGO1', 'LINGO2', 'LIPC', 'LIPE', 'LIPF', 'LIPH', 'LITAF', 'LIX1', 'LKAAEAR1', 'LLGL1', 'LLGL2', 'LLPH', 'LMAN1', 'LMAN2', 'LMAN2L', 'LMBR1', 'LMBR1L', 'LMBRD1', 'LMCD1', 'LMF2', 'LMNA', 'LMNB1', 'LMNB2', 'LMNTD2', 'LMO1', 'LMO2', 'LMO3', 'LMO4', 'LMO7', 'LMOD3', 'LMTK2', 'LMTK3', 'LMX1A', 'LMX1B', 'LNPEP', 'LNPK', 'LNX1', 'LNX2', 'LONP1', 'LONP2', 'LONRF1', 'LONRF2', 'LONRF3', 'LORICRIN', 'LOX', 'LOXL1', 'LOXL2', 'LOXL3', 'LOXL4', 'LPA', 'LPAL2', 'LPAR1', 'LPAR2', 'LPAR3', 'LPAR6', 'LPCAT2', 'LPIN1', 'LPL', 'LPP', 'LPXN', 'LRAT', 'LRATD1', 'LRATD2', 'LRBA', 'LRCH1', 'LRCH2', 'LRCH3', 'LRCH4', 'LRFN1', 'LRFN4', 'LRFN5', 'LRG1', 'LRGUK', 'LRIF1', 'LRIG1', 'LRIG2', 'LRIG3', 'LRP1', 'LRP10', 'LRP12', 'LRP1B', 'LRP2', 'LRP2BP', 'LRP4', 'LRP5', 'LRP6', 'LRP8', 'LRPAP1', 'LRPPRC', 'LRR1', 'LRRC14', 'LRRC15', 'LRRC18', 'LRRC19', 'LRRC20', 'LRRC23', 'LRRC25', 'LRRC26', 'LRRC27', 'LRRC3', 'LRRC32', 'LRRC36', 'LRRC39', 'LRRC3B', 'LRRC4', 'LRRC40', 'LRRC41', 'LRRC45', 'LRRC47', 'LRRC4B', 'LRRC4C', 'LRRC52', 'LRRC56', 'LRRC59', 'LRRC61', 'LRRC7', 'LRRC73', 'LRRC8A', 'LRRC8B', 'LRRC8C', 'LRRC8D', 'LRRC8E', 'LRRFIP1', 'LRRIQ3', 'LRRK1', 'LRRK2', 'LRRN1', 'LRRN3', 'LRRN4', 'LRRTM2', 'LRSAM1', 'LRTM1', 'LRWD1', 'LSAMP', 'LSM1', 'LSM10', 'LSM11', 'LSM12', 'LSM14A', 'LSM14B', 'LSM3', 'LSM4', 'LSM6', 'LSM7', 'LSM8', 'LSMEM1', 'LSMEM2', 'LSP1', 'LSR', 'LSS', 'LTA', 'LTA4H', 'LTBP1', 'LTBP2', 'LTBP3', 'LTBP4', 'LTBR', 'LTC4S', 'LTF', 'LTK', 'LTN1', 'LTO1', 'LTV1', 'LUC7L', 'LUC7L3', 'LUM', 'LURAP1', 'LURAP1L', 'LUZP1', 'LUZP4', 'LVRN', 'LXN', 'LY6D', 'LY6E', 'LY6G6C', 'LY6G6D', 'LY6G6F', 'LY6H', 'LY75', 'LY86', 'LY96', 'LYAR', 'LYG1', 'LYG2', 'LYL1', 'LYN', 'LYNX1', 'LYPD1', 'LYPD2', 'LYPD3', 'LYPD5', 'LYPD6', 'LYPLA1', 'LYPLA2', 'LYPLAL1', 'LYRM2', 'LYRM4', 'LYRM7', 'LYSET', 'LYSMD1', 'LYSMD2', 'LYST', 'LZIC', 'LZTFL1', 'LZTR1', 'LZTS1', 'LZTS2', 'M1AP', 'M6PR', 'MAB21L1', 'MAB21L3', 'MACF1', 'MACIR', 'MACO1', 'MACROD1', 'MACROH2A1', 'MACROH2A2', 'MAD1L1', 'MAD2L1', 'MAD2L1BP', 'MAD2L2', 'MADD', 'MAEA', 'MAF', 'MAF1', 'MAFF', 'MAFG', 'MAFK', 'MAG', 'MAGEA1', 'MAGEA11', 'MAGEA12', 'MAGEA2', 'MAGEA3', 'MAGEA4', 'MAGEA6', 'MAGEA8', 'MAGEA9', 'MAGEB10', 'MAGEB18', 'MAGEB2', 'MAGEB3', 'MAGEB4', 'MAGEB6', 'MAGEC1', 'MAGEC2', 'MAGEC3', 'MAGED1', 'MAGED2', 'MAGED4', 'MAGEE1', 'MAGEE2', 'MAGEF1', 'MAGEH1', 'MAGEL2', 'MAGI1', 'MAGI2', 'MAGI3', 'MAGOH', 'MAGOHB', 'MAGT1', 'MAIP1', 'MAJIN', 'MAK', 'MAK16', 'MAL', 'MAL2', 'MALL', 'MALSU1', 'MALT1', 'MAMDC2', 'MAML1', 'MAML2', 'MAML3', 'MAN1A1', 'MAN1C1', 'MAN2A2', 'MAN2B1', 'MANBAL', 'MANF', 'MANSC1', 'MAOA', 'MAOB', 'MAP1A', 'MAP1B', 'MAP1LC3A', 'MAP1LC3B', 'MAP1LC3C', 'MAP1S', 'MAP2', 'MAP2K1', 'MAP2K2', 'MAP2K3', 'MAP2K4', 'MAP2K5', 'MAP2K6', 'MAP2K7', 'MAP3K1', 'MAP3K10', 'MAP3K11', 'MAP3K12', 'MAP3K13', 'MAP3K14', 'MAP3K20', 'MAP3K21', 'MAP3K3', 'MAP3K4', 'MAP3K5', 'MAP3K6', 'MAP3K7', 'MAP3K7CL', 'MAP3K8', 'MAP3K9', 'MAP4', 'MAP4K1', 'MAP4K2', 'MAP4K3', 'MAP4K4', 'MAP6', 'MAP7', 'MAP7D1', 'MAPK1', 'MAPK10', 'MAPK11', 'MAPK12', 'MAPK13', 'MAPK14', 'MAPK15', 'MAPK1IP1L', 'MAPK3', 'MAPK4', 'MAPK6', 'MAPK7', 'MAPK8', 'MAPK8IP1', 'MAPK8IP2', 'MAPK8IP3', 'MAPK9', 'MAPKAP1', 'MAPKAPK2', 'MAPKAPK3', 'MAPKAPK5', 'MAPKBP1', 'MAPRE1', 'MAPRE2', 'MAPRE3', 'MAPT', 'MARCHF10', 'MARCHF2', 'MARCHF3', 'MARCHF4', 'MARCHF5', 'MARCHF6', 'MARCHF6-DT', 'MARCHF7', 'MARCHF8', 'MARCHF9', 'MARCKSL1', 'MARK1', 'MARK2', 'MARK3', 'MARK4', 'MARS1', 'MARVELD2', 'MARVELD3', 'MAS1', 'MASP1', 'MASP2', 'MAST2', 'MAST3', 'MAT1A', 'MAT2A', 'MAT2B', 'MATCAP1', 'MATK', 'MATN1', 'MATN2', 'MATN3', 'MATN4', 'MATR3', 'MAU2', 'MAVS', 'MAX', 'MAZ', 'MB', 'MB21D2', 'MBD1', 'MBD2', 'MBD3', 'MBD3L1', 'MBD3L2', 'MBD3L3', 'MBD4', 'MBD5', 'MBD6', 'MBIP', 'MBL2', 'MBLAC1', 'MBLAC2', 'MBNL1', 'MBNL2', 'MBNL3', 'MBOAT7', 'MBP', 'MBTD1', 'MBTPS1', 'MC1R', 'MC2R', 'MC3R', 'MC4R', 'MC5R', 'MCAM', 'MCC', 'MCCC1', 'MCCC2', 'MCCD1', 'MCEE', 'MCEMP1', 'MCF2', 'MCF2L', 'MCFD2', 'MCIDAS', 'MCL1', 'MCM10', 'MCM2', 'MCM3', 'MCM3AP', 'MCM4', 'MCM5', 'MCM6', 'MCM7', 'MCM8', 'MCM9', 'MCMBP', 'MCMDC2', 'MCOLN1', 'MCOLN2', 'MCPH1', 'MCRIP1', 'MCRIP2', 'MCRS1', 'MCTS1', 'MCU', 'MCUB', 'MCUR1', 'MDC1', 'MDFI', 'MDFIC', 'MDH1', 'MDK', 'MDM1', 'MDM2', 'MDM4', 'MDN1', 'ME1', 'MEA1', 'MEAF6', 'MEAK7', 'MECOM', 'MECP2', 'MED1', 'MED10', 'MED11', 'MED12', 'MED12L', 'MED13', 'MED14', 'MED15', 'MED17', 'MED18', 'MED19', 'MED20', 'MED21', 'MED22', 'MED23', 'MED24', 'MED25', 'MED26', 'MED27', 'MED28', 'MED29', 'MED30', 'MED4', 'MED6', 'MED7', 'MED8', 'MED9', 'MEDAG', 'MEF2A', 'MEF2B', 'MEF2C', 'MEF2D', 'MEFV', 'MEGF11', 'MEGF6', 'MEGF8', 'MEI4', 'MEIG1', 'MEIOB', 'MEIS1', 'MEIS2', 'MEIS3', 'MELK', 'MELTF', 'MEN1', 'MEOX1', 'MEOX2', 'MEP1A', 'MEP1B', 'MEPCE', 'MEPE', 'MERTK', 'MESD', 'MESP1', 'MEST', 'MET', 'METAP1', 'METAP1D', 'METAP2', 'METTL1', 'METTL13', 'METTL14', 'METTL15', 'METTL17', 'METTL18', 'METTL21A', 'METTL21C', 'METTL22', 'METTL23', 'METTL27', 'METTL2A', 'METTL2B', 'METTL3', 'METTL5', 'METTL6', 'METTL9', 'MEX3B', 'MEX3C', 'MFAP1', 'MFAP2', 'MFAP3', 'MFAP3L', 'MFAP4', 'MFF', 'MFHAS1', 'MFN1', 'MFN2', 'MFRP', 'MFSD10', 'MFSD11', 'MFSD12', 'MFSD13A', 'MFSD14B', 'MFSD14CP', 'MFSD2A', 'MFSD3', 'MFSD4B', 'MFSD5', 'MFSD6', 'MGA', 'MGAM', 'MGARP', 'MGAT1', 'MGAT3', 'MGAT4B', 'MGAT5B', 'MGLL', 'MGME1', 'MGP', 'MGRN1', 'MGST1', 'MGST2', 'MGST3', 'MIA2', 'MIA3', 'MIB1', 'MIB2', 'MICA', 'MICAL1', 'MICAL2', 'MICAL3', 'MICALL1', 'MICALL2', 'MICOS10', 'MICOS13', 'MICU1', 'MICU2', 'MID1', 'MID1IP1', 'MID2', 'MIDEAS', 'MIDN', 'MIEF1', 'MIEF2', 'MIEN1', 'MIER1', 'MIER2', 'MIER3', 'MIF', 'MIF4GD', 'MIGA1', 'MIGA2', 'MIIP', 'MILR1', 'MINAR1', 'MINAR2', 'MINDY1', 'MINDY3', 'MINK1', 'MINPP1', 'MIOS', 'MIP', 'MIPEP', 'MIPOL1', 'MIS12', 'MIS18A', 'MIS18BP1', 'MISP', 'MITD1', 'MITF', 'MKI67', 'MKKS', 'MKLN1', 'MKNK1', 'MKNK2', 'MKRN1', 'MKRN2', 'MKRN3', 'MKS1', 'MLANA', 'MLC1', 'MLEC', 'MLF1', 'MLF2', 'MLH1', 'MLH3', 'MLIP', 'MLKL', 'MLLT1', 'MLLT10', 'MLLT11', 'MLLT3', 'MLLT6', 'MLN', 'MLPH', 'MLST8', 'MLX', 'MLYCD', 'MMAA', 'MMAB', 'MMACHC', 'MMADHC', 'MMD', 'MMD2', 'MME', 'MMGT1', 'MMP14', 'MMP15', 'MMP2', 'MMP20', 'MMP25', 'MMP28', 'MMP3', 'MMP7', 'MMP9', 'MMRN1', 'MMRN2', 'MMS19', 'MMS22L', 'MMUT', 'MN1', 'MNAT1', 'MND1', 'MNDA', 'MNS1', 'MNT', 'MOAP1', 'MOB1A', 'MOB1B', 'MOB2', 'MOB3B', 'MOB3C', 'MOBP', 'MOCOS', 'MOCS2', 'MOCS3', 'MOG', 'MOGAT3', 'MON1A', 'MON1B', 'MON2', 'MORC1', 'MORC2', 'MORC3', 'MORC4', 'MORF4L1', 'MORF4L2', 'MORN2', 'MORN3', 'MORN4', 'MORN5', 'MOS', 'MOSPD1', 'MOSPD2', 'MOSPD3', 'MOV10', 'MOXD1', 'MPC1L', 'MPC2', 'MPDU1', 'MPDZ', 'MPG', 'MPHOSPH10', 'MPHOSPH6', 'MPHOSPH8', 'MPHOSPH9', 'MPI', 'MPIG6B', 'MPL', 'MPLKIP', 'MPND', 'MPO', 'MPP1', 'MPP2', 'MPP3', 'MPP4', 'MPP7', 'MPPE1', 'MPPED1', 'MPPED2', 'MPRIP', 'MPST', 'MPZ', 'MPZL1', 'MPZL2', 'MPZL3', 'MR1', 'MRAP', 'MRAP2', 'MRAS', 'MRC1', 'MRC2', 'MRE11', 'MREG', 'MRFAP1', 'MRFAP1L1', 'MRGBP', 'MRGPRX3', 'MRI1', 'MRM1', 'MRM3', 'MRNIP', 'MRPL1', 'MRPL10', 'MRPL12', 'MRPL13', 'MRPL15', 'MRPL17', 'MRPL18', 'MRPL19', 'MRPL20', 'MRPL22', 'MRPL23', 'MRPL27', 'MRPL28', 'MRPL32', 'MRPL35', 'MRPL36', 'MRPL38', 'MRPL4', 'MRPL40', 'MRPL41', 'MRPL43', 'MRPL44', 'MRPL45', 'MRPL48', 'MRPL49', 'MRPL51', 'MRPL52', 'MRPL53', 'MRPL54', 'MRPL57', 'MRPL9', 'MRPS11', 'MRPS12', 'MRPS14', 'MRPS15', 'MRPS16', 'MRPS22', 'MRPS23', 'MRPS27', 'MRPS31', 'MRPS35', 'MRPS6', 'MRPS9', 'MRRF', 'MRS2', 'MRTFA', 'MRTFB', 'MRTO4', 'MS4A1', 'MS4A10', 'MS4A12', 'MS4A13', 'MS4A14', 'MS4A2', 'MS4A3', 'MS4A4A', 'MS4A6A', 'MS4A6E', 'MS4A7', 'MSANTD3', 'MSANTD4', 'MSC', 'MSGN1', 'MSH2', 'MSH3', 'MSH4', 'MSH5', 'MSH6', 'MSI1', 'MSI2', 'MSL1', 'MSL2', 'MSL3', 'MSLN', 'MSMB', 'MSMO1', 'MSN', 'MSR1', 'MSRA', 'MSRB1', 'MSRB3', 'MSS51', 'MST1', 'MST1R', 'MSTN', 'MSTO1', 'MSX1', 'MSX2', 'MT1A', 'MT1B', 'MT1DP', 'MT1E', 'MT1F', 'MT1G', 'MT1H', 'MT1M', 'MT1X', 'MT2A', 'MT3', 'MTA1', 'MTA2', 'MTA3', 'MTAP', 'MTARC1', 'MTCH1', 'MTCH2', 'MTCL1', 'MTDH', 'MTERF1', 'MTERF2', 'MTERF3', 'MTERF4', 'MTF1', 'MTFP1', 'MTFR1', 'MTFR1L', 'MTFR2', 'MTG1', 'MTHFD1', 'MTHFD2', 'MTHFD2L', 'MTHFR', 'MTHFS', 'MTIF3', 'MTLN', 'MTM1', 'MTMR1', 'MTMR12', 'MTMR14', 'MTMR2', 'MTMR3', 'MTMR4', 'MTMR6', 'MTMR8', 'MTMR9', 'MTNR1A', 'MTNR1B', 'MTOR', 'MTPAP', 'MTR', 'MTRES1', 'MTREX', 'MTRFR', 'MTRR', 'MTSS1', 'MTSS2', 'MTTP', 'MTURN', 'MTUS1', 'MTUS2', 'MTX1', 'MTX2', 'MUC1', 'MUC15', 'MUC16', 'MUC17', 'MUC2', 'MUC5B', 'MUC7', 'MUCL1', 'MUL1', 'MUS81', 'MUSK', 'MUTYH', 'MVB12A', 'MVB12B', 'MVK', 'MVP', 'MX1', 'MX2', 'MXD1', 'MXD3', 'MXD4', 'MXI1', 'MXRA8', 'MYADM', 'MYADML2', 'MYB', 'MYBBP1A', 'MYBL2', 'MYBPC1', 'MYBPC2', 'MYBPC3', 'MYBPH', 'MYBPHL', 'MYC', 'MYCBP', 'MYCBP2', 'MYCBPAP', 'MYCL', 'MYCN', 'MYCNOS', 'MYD88', 'MYDGF', 'MYEF2', 'MYEOV', 'MYF5', 'MYF6', 'MYG1', 'MYH1', 'MYH10', 'MYH11', 'MYH14', 'MYH2', 'MYH7', 'MYH7B', 'MYH9', 'MYL10', 'MYL11', 'MYL12A', 'MYL12B', 'MYL2', 'MYL6', 'MYL6B', 'MYL7', 'MYL9', 'MYLIP', 'MYLK', 'MYLK2', 'MYLK3', 'MYLK4', 'MYNN', 'MYO10', 'MYO15B', 'MYO18A', 'MYO1B', 'MYO1C', 'MYO1D', 'MYO1E', 'MYO1F', 'MYO3A', 'MYO3B', 'MYO5A', 'MYO5B', 'MYO6', 'MYO7A', 'MYO7B', 'MYO9A', 'MYO9B', 'MYOC', 'MYOCD', 'MYOD1', 'MYOF', 'MYOG', 'MYOM1', 'MYOM2', 'MYOM3', 'MYOT', 'MYOZ1', 'MYOZ2', 'MYOZ3', 'MYPN', 'MYPOP', 'MYRIP', 'MYSM1', 'MYZAP', 'MZB1', 'MZF1', 'MZT1', 'MZT2A', 'MZT2B', 'N4BP1', 'N4BP2', 'N4BP2L2', 'N4BP3', 'NAA10', 'NAA11', 'NAA15', 'NAA16', 'NAA20', 'NAA25', 'NAA30', 'NAA35', 'NAA38', 'NAA40', 'NAA50', 'NAA60', 'NAA80', 'NAALADL2', 'NAB2', 'NABP1', 'NABP2', 'NACA', 'NACAD', 'NACC1', 'NACC2', 'NADK', 'NADSYN1', 'NAE1', 'NAF1', 'NAGK', 'NAGPA', 'NAIF1', 'NAIP', 'NALCN', 'NAMPT', 'NANOG', 'NANOS1', 'NANOS2', 'NANOS3', 'NAP1L1', 'NAP1L2', 'NAP1L3', 'NAP1L4', 'NAP1L5', 'NAPA', 'NAPB', 'NAPG', 'NAPRT', 'NAPSA', 'NARS1', 'NASP', 'NAT1', 'NAT10', 'NAT14', 'NAT2', 'NAT8', 'NAT8B', 'NAT8L', 'NAT9', 'NATD1', 'NAV1', 'NAV2', 'NAXD', 'NAXE', 'NBAS', 'NBDY', 'NBEAL2', 'NBL1', 'NBN', 'NBPF1', 'NBR1', 'NCALD', 'NCAM1', 'NCAPD2', 'NCAPD3', 'NCAPG', 'NCAPG2', 'NCAPH', 'NCAPH2', 'NCBP1', 'NCBP2', 'NCBP2AS2', 'NCBP2L', 'NCBP3', 'NCCRP1', 'NCDN', 'NCF1', 'NCF2', 'NCF4', 'NCK1', 'NCK2', 'NCKAP1', 'NCKAP1L', 'NCKAP5', 'NCKAP5L', 'NCKIPSD', 'NCL', 'NCLN', 'NCOA1', 'NCOA2', 'NCOA3', 'NCOA4', 'NCOA5', 'NCOA6', 'NCOA7', 'NCOR1', 'NCOR2', 'NCR1', 'NCR2', 'NCR3', 'NCR3LG1', 'NCS1', 'NCSTN', 'NDC1', 'NDC80', 'NDE1', 'NDEL1', 'NDFIP1', 'NDFIP2', 'NDN', 'NDOR1', 'NDP', 'NDRG1', 'NDRG2', 'NDRG4', 'NDST1', 'NDUFA11', 'NDUFA12', 'NDUFA13', 'NDUFA3', 'NDUFA4', 'NDUFA5', 'NDUFA7', 'NDUFA8', 'NDUFA9', 'NDUFAB1', 'NDUFAF1', 'NDUFAF2', 'NDUFAF3', 'NDUFAF4', 'NDUFAF5', 'NDUFAF6', 'NDUFAF7', 'NDUFAF8', 'NDUFB10', 'NDUFB11', 'NDUFB5', 'NDUFB6', 'NDUFB7', 'NDUFC2', 'NDUFS1', 'NDUFS2', 'NDUFS3', 'NDUFS4', 'NDUFS5', 'NDUFS7', 'NDUFS8', 'NDUFV1', 'NDUFV2', 'NDUFV3', 'NEB', 'NEBL', 'NECAB1', 'NECAB2', 'NECAB3', 'NECAP1', 'NECAP2', 'NECTIN1', 'NECTIN2', 'NECTIN3', 'NECTIN4', 'NEDD1', 'NEDD4', 'NEDD4L', 'NEDD8', 'NEDD9', 'NEFH', 'NEFL', 'NEFM', 'NEGR1', 'NEIL1', 'NEIL2', 'NEK1', 'NEK11', 'NEK2', 'NEK3', 'NEK4', 'NEK6', 'NEK7', 'NEK8', 'NEK9', 'NELFA', 'NELFB', 'NELFCD', 'NELFE', 'NELL1', 'NELL2', 'NEMP1', 'NENF', 'NEO1', 'NES', 'NET1', 'NETO2', 'NEU1', 'NEU2', 'NEU3', 'NEU4', 'NEURL1', 'NEURL1B', 'NEURL4', 'NEUROD1', 'NEUROD4', 'NEUROG1', 'NEUROG2', 'NEXN', 'NF1', 'NF2', 'NFAM1', 'NFASC', 'NFAT5', 'NFATC1', 'NFATC2', 'NFATC2IP', 'NFATC3', 'NFATC4', 'NFE2', 'NFE2L1', 'NFE2L2', 'NFE4', 'NFIA', 'NFIB', 'NFIC', 'NFIL3', 'NFIX', 'NFKB1', 'NFKB2', 'NFKBIA', 'NFKBIB', 'NFKBID', 'NFKBIE', 'NFKBIL1', 'NFKBIZ', 'NFRKB', 'NFS1', 'NFU1', 'NFX1', 'NFYA', 'NFYB', 'NFYC', 'NGB', 'NGDN', 'NGEF', 'NGF', 'NGFR', 'NGLY1', 'NGRN', 'NHEJ1', 'NHERF1', 'NHERF2', 'NHERF4', 'NHLH1', 'NHLH2', 'NHLRC1', 'NHLRC2', 'NHLRC4', 'NHP2', 'NHSL2', 'NIBAN1', 'NIBAN2', 'NIBAN3', 'NICN1', 'NID2', 'NIF3L1', 'NIFK', 'NIN', 'NINJ1', 'NINJ2', 'NINL', 'NIP7', 'NIPA1', 'NIPAL3', 'NIPAL4', 'NIPBL', 'NIPSNAP1', 'NIPSNAP2', 'NIPSNAP3A', 'NKAIN4', 'NKAP', 'NKAPD1', 'NKAPL', 'NKD1', 'NKD2', 'NKG7', 'NKIRAS2', 'NKRF', 'NKX2-1', 'NKX2-2', 'NKX2-4', 'NKX2-5', 'NKX3-1', 'NKX3-2', 'NLE1', 'NLGN2', 'NLGN3', 'NLGN4X', 'NLGN4Y', 'NLK', 'NLRC3', 'NLRC4', 'NLRC5', 'NLRP1', 'NLRP12', 'NLRP2', 'NLRP3', 'NLRP5', 'NLRP9', 'NLRX1', 'NMB', 'NME1', 'NME2', 'NME3', 'NME4', 'NME5', 'NME6', 'NMI', 'NMNAT1', 'NMRAL1', 'NMRK1', 'NMRK2', 'NMT1', 'NMT2', 'NMU', 'NMUR2', 'NOA1', 'NOB1', 'NOC2L', 'NOC4L', 'NOCT', 'NOD1', 'NOD2', 'NODAL', 'NOG', 'NOL11', 'NOL12', 'NOL3', 'NOL4', 'NOL4L', 'NOL6', 'NOL7', 'NOL8', 'NOL9', 'NOLC1', 'NOM1', 'NOMO1', 'NOMO2', 'NOMO3', 'NONO', 'NOP10', 'NOP2', 'NOP53', 'NOP56', 'NOP58', 'NOPCHAP1', 'NOS1', 'NOS1AP', 'NOS2', 'NOS3', 'NOSIP', 'NOSTRIN', 'NOTCH1', 'NOTCH2', 'NOTCH2NLA', 'NOTCH2NLB', 'NOTCH2NLC', 'NOTCH3', 'NOTCH4', 'NOTO', 'NOTUM', 'NOVA1', 'NOX1', 'NOX3', 'NOX4', 'NOX5', 'NOXA1', 'NOXO1', 'NPAS2', 'NPAS3', 'NPAS4', 'NPAT', 'NPB', 'NPBWR1', 'NPBWR2', 'NPC1', 'NPC1L1', 'NPC2', 'NPDC1', 'NPEPL1', 'NPFF', 'NPFFR1', 'NPHP1', 'NPHP3', 'NPHP4', 'NPHS1', 'NPHS2', 'NPIPA7', 'NPIPB3', 'NPL', 'NPLOC4', 'NPM1', 'NPM2', 'NPM3', 'NPPA', 'NPPB', 'NPR2', 'NPR3', 'NPRL2', 'NPRL3', 'NPTN', 'NPTX2', 'NPVF', 'NPW', 'NPY', 'NPY1R', 'NPY2R', 'NQO1', 'NQO2', 'NR0B1', 'NR0B2', 'NR1D1', 'NR1D2', 'NR1H2', 'NR1H3', 'NR1H4', 'NR1I2', 'NR1I3', 'NR2C1', 'NR2C2', 'NR2C2AP', 'NR2F1', 'NR2F2', 'NR2F6', 'NR3C1', 'NR3C2', 'NR4A1', 'NR4A2', 'NR4A3', 'NR5A1', 'NR5A2', 'NRAP', 'NRARP', 'NRAS', 'NRBF2', 'NRBP1', 'NRBP2', 'NRCAM', 'NRDC', 'NRDE2', 'NREP', 'NRF1', 'NRG1', 'NRG4', 'NRIP1', 'NRIP2', 'NRIP3', 'NRL', 'NRM', 'NRN1L', 'NRP1', 'NRP2', 'NRSN1', 'NRSN2', 'NRXN1', 'NRXN3', 'NSD1', 'NSD2', 'NSD3', 'NSDHL', 'NSF', 'NSFL1C', 'NSG1', 'NSL1', 'NSMAF', 'NSMCE1', 'NSMCE2', 'NSMCE3', 'NSMCE4A', 'NSMF', 'NSRP1', 'NSUN2', 'NSUN3', 'NSUN4', 'NT5C1A', 'NT5C2', 'NT5C3A', 'NT5DC1', 'NT5E', 'NTAN1', 'NTAQ1', 'NTF3', 'NTF4', 'NTHL1', 'NTM', 'NTMT1', 'NTN1', 'NTN3', 'NTN4', 'NTNG1', 'NTNG2', 'NTRK1', 'NTRK2', 'NTRK3', 'NTS', 'NTSR1', 'NUAK1', 'NUAK2', 'NUB1', 'NUBP1', 'NUBP2', 'NUBPL', 'NUCB1', 'NUCB2', 'NUCKS1', 'NUDC', 'NUDCD1', 'NUDCD2', 'NUDCD3', 'NUDT1', 'NUDT10', 'NUDT11', 'NUDT12', 'NUDT14', 'NUDT15', 'NUDT16L1', 'NUDT18', 'NUDT2', 'NUDT21', 'NUDT22', 'NUDT3', 'NUDT4', 'NUDT4B', 'NUDT5', 'NUDT9', 'NUF2', 'NUFIP1', 'NUFIP2', 'NUMA1', 'NUMB', 'NUMBL', 'NUP107', 'NUP133', 'NUP153', 'NUP155', 'NUP160', 'NUP205', 'NUP210', 'NUP214', 'NUP35', 'NUP37', 'NUP42', 'NUP43', 'NUP50', 'NUP54', 'NUP58', 'NUP62', 'NUP62CL', 'NUP85', 'NUP88', 'NUP93', 'NUP98', 'NUPR1', 'NUS1', 'NUSAP1', 'NUTF2', 'NUTM1', 'NVL', 'NXF1', 'NXF2', 'NXF3', 'NXF5', 'NXNL1', 'NXPE1', 'NXPE2', 'NXPE3', 'NXT1', 'NXT2', 'NYAP2', 'NYX', 'OAS1', 'OAS2', 'OASL', 'OAT', 'OAZ1', 'OAZ2', 'OAZ3', 'OBI1', 'OBSCN', 'OBSL1', 'OCA2', 'OCIAD1', 'OCIAD2', 'OCLN', 'OCM', 'OCRL', 'ODAD1', 'ODAD2', 'ODAD3', 'ODAD4', 'ODAM', 'ODAPH', 'ODC1', 'ODF1', 'ODF2', 'ODF4', 'OFCC1', 'OFD1', 'OGDH', 'OGDHL', 'OGFOD1', 'OGFOD2', 'OGFR', 'OGG1', 'OGN', 'OGT', 'OIP5', 'OIT3', 'OLA1', 'OLFM1', 'OLFM2', 'OLFM3', 'OLFM4', 'OLIG1', 'OLIG2', 'OLIG3', 'OLR1', 'ONECUT3', 'OOEP', 'OOSP2', 'OPA1', 'OPCML', 'OPLAH', 'OPN1LW', 'OPN1SW', 'OPN3', 'OPN4', 'OPRD1', 'OPRK1', 'OPRL1', 'OPRM1', 'OPTN', 'OR10AG1', 'OR10G3', 'OR10G4', 'OR14I1', 'OR1L3', 'OR2AG1', 'OR2G6', 'OR2L13', 'OR4F16', 'OR51E1', 'OR52L1', 'OR5AS1', 'OR5H1', 'OR5K2', 'OR6B1', 'OR6C1', 'OR7A17', 'OR7C1', 'OR7C2', 'OR7D2', 'OR7D4', 'OR8G1', 'ORAI1', 'ORAI2', 'ORAI3', 'ORC1', 'ORC2', 'ORC3', 'ORC4', 'ORC5', 'ORM1', 'ORMDL1', 'ORMDL2', 'ORMDL3', 'OS9', 'OSBP', 'OSBP2', 'OSBPL10', 'OSBPL11', 'OSBPL1A', 'OSBPL2', 'OSBPL3', 'OSBPL6', 'OSBPL7', 'OSBPL8', 'OSBPL9', 'OSER1', 'OSGEP', 'OSGIN1', 'OSM', 'OSMR', 'OSR2', 'OST4', 'OSTC', 'OSTF1', 'OSTM1', 'OTOGL', 'OTOP2', 'OTOP3', 'OTOR', 'OTOS', 'OTP', 'OTUB1', 'OTUB2', 'OTUD1', 'OTUD3', 'OTUD4', 'OTUD6A', 'OTUD6B', 'OTUD7A', 'OTUD7B', 'OTULIN', 'OTULINL', 'OTX1', 'OTX2', 'OVOL1', 'OVOL2', 'OXA1L', 'OXCT2', 'OXER1', 'OXNAD1', 'OXR1', 'OXSR1', 'OXT', 'P2RX1', 'P2RX4', 'P2RX7', 'P2RY1', 'P2RY13', 'P2RY2', 'P2RY4', 'P2RY6', 'P3H1', 'P3H3', 'P4HA1', 'P4HA2', 'P4HA3', 'P4HB', 'P4HTM', 'PA2G4', 'PAAF1', 'PABIR1', 'PABIR3', 'PABPC1', 'PABPC3', 'PABPC4', 'PABPC5', 'PABPN1', 'PACC1', 'PACRG', 'PACRGL', 'PACS1', 'PACS2', 'PACSIN1', 'PACSIN2', 'PACSIN3', 'PADI1', 'PADI3', 'PADI4', 'PADI6', 'PAEP', 'PAF1', 'PAFAH1B1', 'PAFAH1B2', 'PAFAH1B3', 'PAG1', 'PAGE1', 'PAGE2', 'PAGE3', 'PAGE4', 'PAGE5', 'PAGR1', 'PAICS', 'PAIP1', 'PAIP2', 'PAIP2B', 'PAK1', 'PAK1IP1', 'PAK2', 'PAK3', 'PAK4', 'PAK5', 'PAK6', 'PALB2', 'PALD1', 'PALLD', 'PALM', 'PALM3', 'PALMD', 'PALS1', 'PALS2', 'PAM', 'PAM16', 'PAN2', 'PAN3', 'PANK2', 'PANX1', 'PAPOLA', 'PAPPA', 'PAPSS1', 'PAPSS2', 'PAQR3', 'PAQR5', 'PAQR6', 'PAQR7', 'PAQR8', 'PARD3', 'PARD3B', 'PARD6A', 'PARD6B', 'PARD6G', 'PARG', 'PARK7', 'PARL', 'PARM1', 'PARN', 'PARP1', 'PARP10', 'PARP11', 'PARP14', 'PARP15', 'PARP16', 'PARP2', 'PARP3', 'PARP4', 'PARP9', 'PARPBP', 'PARVA', 'PARVB', 'PARVG', 'PASD1', 'PASK', 'PATE1', 'PATJ', 'PATL1', 'PATL2', 'PATZ1', 'PAWR', 'PAX1', 'PAX2', 'PAX3', 'PAX5', 'PAX6', 'PAX7', 'PAX8', 'PAX9', 'PAXIP1', 'PAXX', 'PBDC1', 'PBK', 'PBLD', 'PBRM1', 'PBX1', 'PBX2', 'PBX4', 'PBXIP1', 'PC', 'PCBD1', 'PCBD2', 'PCBP1', 'PCBP2', 'PCBP3', 'PCBP4', 'PCCA', 'PCCB', 'PCDH17', 'PCDH18', 'PCDHA4', 'PCED1A', 'PCED1B', 'PCF11', 'PCGF1', 'PCGF2', 'PCGF3', 'PCGF5', 'PCGF6', 'PCID2', 'PCK2', 'PCLAF', 'PCM1', 'PCMT1', 'PCMTD1', 'PCMTD2', 'PCNA', 'PCNP', 'PCNT', 'PCNX2', 'PCNX3', 'PCNX4', 'PCOLCE', 'PCOLCE2', 'PCOTH', 'PCP2', 'PCP4', 'PCSK2', 'PCSK4', 'PCSK5', 'PCSK6', 'PCSK7', 'PCSK9', 'PCTP', 'PCYOX1', 'PCYT1A', 'PCYT2', 'PDAP1', 'PDCD1', 'PDCD10', 'PDCD11', 'PDCD1LG2', 'PDCD2', 'PDCD2L', 'PDCD4', 'PDCD5', 'PDCD6', 'PDCD6IP', 'PDCL', 'PDCL3', 'PDE1A', 'PDE1B', 'PDE2A', 'PDE3A', 'PDE3B', 'PDE4A', 'PDE4B', 'PDE4C', 'PDE4D', 'PDE4DIP', 'PDE5A', 'PDE6D', 'PDE6G', 'PDE6H', 'PDE9A', 'PDGFA', 'PDGFB', 'PDGFC', 'PDGFRA', 'PDGFRB', 'PDHA1', 'PDHA2', 'PDHB', 'PDHX', 'PDIA2', 'PDIA3', 'PDIA4', 'PDIA5', 'PDIA6', 'PDIK1L', 'PDK1', 'PDK2', 'PDK3', 'PDK4', 'PDLIM1', 'PDLIM2', 'PDLIM3', 'PDLIM4', 'PDLIM5', 'PDLIM7', 'PDP1', 'PDPK1', 'PDPN', 'PDRG1', 'PDS5A', 'PDS5B', 'PDSS1', 'PDSS2', 'PDXP', 'PDYN', 'PDZD11', 'PDZD2', 'PDZD7', 'PDZD8', 'PDZK1', 'PDZK1IP1', 'PDZRN3', 'PDZRN4', 'PEA15', 'PEAK1', 'PEAK3', 'PEAR1', 'PEBP1', 'PEBP4', 'PECAM1', 'PEDS1', 'PEF1', 'PEG10', 'PELI1', 'PELI2', 'PELI3', 'PELO', 'PELP1', 'PEMT', 'PENK', 'PEPD', 'PER1', 'PER2', 'PER3', 'PERP', 'PES1', 'PEX1', 'PEX10', 'PEX11A', 'PEX11B', 'PEX11G', 'PEX12', 'PEX13', 'PEX14', 'PEX16', 'PEX19', 'PEX2', 'PEX26', 'PEX3', 'PEX5', 'PEX5L', 'PEX6', 'PEX7', 'PF4', 'PF4V1', 'PFDN1', 'PFDN2', 'PFDN4', 'PFDN5', 'PFDN6', 'PFKFB1', 'PFKFB2', 'PFKFB3', 'PFKFB4', 'PFKL', 'PFKM', 'PFKP', 'PFN1', 'PFN2', 'PGA4', 'PGAM1', 'PGAM2', 'PGAM5', 'PGAP2', 'PGAP3', 'PGAP6', 'PGBD1', 'PGF', 'PGGT1B', 'PGK1', 'PGK2', 'PGLS', 'PGLYRP2', 'PGLYRP3', 'PGM1', 'PGM2', 'PGPEP1', 'PGR', 'PGRMC1', 'PGRMC2', 'PHACTR1', 'PHACTR2', 'PHACTR3', 'PHAF1', 'PHAX', 'PHB1', 'PHB2', 'PHC1', 'PHC2', 'PHC3', 'PHETA1', 'PHETA2', 'PHEX', 'PHF1', 'PHF10', 'PHF11', 'PHF12', 'PHF13', 'PHF14', 'PHF19', 'PHF2', 'PHF20', 'PHF20L1', 'PHF21A', 'PHF21B', 'PHF23', 'PHF24', 'PHF5A', 'PHF6', 'PHF7', 'PHF8', 'PHGDH', 'PHIP', 'PHKA1', 'PHKA2', 'PHKB', 'PHKG2', 'PHLDA1', 'PHLDA2', 'PHLDB1', 'PHLDB2', 'PHLDB3', 'PHLPP1', 'PHLPP2', 'PHOSPHO1', 'PHOSPHO2', 'PHOX2A', 'PHPT1', 'PHRF1', 'PHYH', 'PHYHD1', 'PHYHIP', 'PHYHIPL', 'PHYKPL', 'PI16', 'PI4K2A', 'PI4KA', 'PI4KB', 'PIANP', 'PIAS1', 'PIAS2', 'PIAS3', 'PIAS4', 'PIBF1', 'PICALM', 'PICK1', 'PID1', 'PIDD1', 'PIERCE1', 'PIERCE2', 'PIEZO1', 'PIGA', 'PIGBOS1', 'PIGC', 'PIGF', 'PIGG', 'PIGH', 'PIGK', 'PIGM', 'PIGP', 'PIGQ', 'PIGR', 'PIGS', 'PIGT', 'PIGU', 'PIGV', 'PIGY', 'PIH1D1', 'PIH1D2', 'PIK3AP1', 'PIK3C2B', 'PIK3C3', 'PIK3CA', 'PIK3CB', 'PIK3CD', 'PIK3CG', 'PIK3IP1', 'PIK3R1', 'PIK3R2', 'PIK3R3', 'PIK3R4', 'PIK3R6', 'PIKFYVE', 'PILRA', 'PILRB', 'PIM1', 'PIM2', 'PIM3', 'PIMREG', 'PIN1', 'PINK1', 'PINX1', 'PIP', 'PIP4K2A', 'PIP4K2B', 'PIP4K2C', 'PIP4P1', 'PIP4P2', 'PIP5K1A', 'PIP5K1B', 'PIP5K1C', 'PIPOX', 'PIR', 'PISD', 'PITPNA', 'PITPNB', 'PITPNC1', 'PITPNM1', 'PITPNM2', 'PITPNM3', 'PITRM1', 'PITX1', 'PITX2', 'PIWIL1', 'PIWIL2', 'PJA1', 'PJA2', 'PKD1', 'PKD1L1', 'PKD1L3', 'PKD2', 'PKD2L1', 'PKHD1', 'PKIA', 'PKIB', 'PKLR', 'PKM', 'PKMYT1', 'PKN1', 'PKN2', 'PKN3', 'PKNOX1', 'PKNOX2', 'PKP1', 'PKP2', 'PKP3', 'PKP4', 'PLA2G12A', 'PLA2G15', 'PLA2G2E', 'PLA2G2F', 'PLA2G4C', 'PLA2G6', 'PLA2G7', 'PLAA', 'PLAAT1', 'PLAAT2', 'PLAAT3', 'PLAAT4', 'PLAAT5', 'PLAC9', 'PLAGL1', 'PLAGL2', 'PLAT', 'PLAU', 'PLAUR', 'PLB1', 'PLBD2', 'PLCB1', 'PLCB2', 'PLCB3', 'PLCB4', 'PLCD1', 'PLCD4', 'PLCE1', 'PLCG1', 'PLCG2', 'PLCL2', 'PLCXD3', 'PLD1', 'PLD2', 'PLD3', 'PLD6', 'PLEC', 'PLEK', 'PLEKHA1', 'PLEKHA2', 'PLEKHA3', 'PLEKHA4', 'PLEKHA5', 'PLEKHA7', 'PLEKHA8', 'PLEKHA8P1', 'PLEKHB1', 'PLEKHB2', 'PLEKHF1', 'PLEKHF2', 'PLEKHG2', 'PLEKHG4', 'PLEKHG4B', 'PLEKHG5', 'PLEKHG6', 'PLEKHG7', 'PLEKHH2', 'PLEKHJ1', 'PLEKHM1', 'PLEKHM2', 'PLEKHN1', 'PLEKHO1', 'PLEKHO2', 'PLEKHS1', 'PLG', 'PLGRKT', 'PLIN1', 'PLIN2', 'PLIN3', 'PLIN5', 'PLK1', 'PLK2', 'PLK3', 'PLK4', 'PLN', 'PLOD1', 'PLOD2', 'PLOD3', 'PLP1', 'PLP2', 'PLPP1', 'PLPP2', 'PLPP3', 'PLPP4', 'PLPP5', 'PLPP6', 'PLPPR1', 'PLPPR2', 'PLRG1', 'PLSCR1', 'PLSCR2', 'PLSCR3', 'PLSCR4', 'PLTP', 'PLVAP', 'PLXDC1', 'PLXDC2', 'PLXNA2', 'PLXNA3', 'PLXNA4', 'PLXNB1', 'PLXNB2', 'PLXNB3', 'PLXNC1', 'PLXND1', 'PM20D2', 'PMAIP1', 'PMEL', 'PMEPA1', 'PMF1', 'PML', 'PMM1', 'PMM2', 'PMP2', 'PMP22', 'PMPCA', 'PMS1', 'PMS2', 'PMVK', 'PNKD', 'PNKP', 'PNLIP', 'PNLIPRP1', 'PNLIPRP2', 'PNMA1', 'PNMA2', 'PNMA3', 'PNMA5', 'PNMA6A', 'PNMT', 'PNN', 'PNO1', 'PNOC', 'PNP', 'PNPLA2', 'PNPLA5', 'PNPO', 'PNPT1', 'PNRC1', 'PNRC2', 'POC1A', 'POC1B', 'POC5', 'PODN', 'PODXL', 'PODXL2', 'POF1B', 'POGK', 'POGZ', 'POLA1', 'POLA2', 'POLB', 'POLD1', 'POLD2', 'POLD3', 'POLD4', 'POLDIP2', 'POLDIP3', 'POLE', 'POLE2', 'POLE3', 'POLE4', 'POLG', 'POLG2', 'POLGARF', 'POLI', 'POLK', 'POLL', 'POLM', 'POLN', 'POLQ', 'POLR1A', 'POLR1B', 'POLR1C', 'POLR1D', 'POLR1E', 'POLR1G', 'POLR1H', 'POLR2A', 'POLR2B', 'POLR2C', 'POLR2D', 'POLR2E', 'POLR2G', 'POLR2I', 'POLR2J', 'POLR2J3', 'POLR2K', 'POLR2L', 'POLR3A', 'POLR3C', 'POLR3F', 'POLR3G', 'POLR3GL', 'POLRMT', 'POM121', 'POM121C', 'POM121L1P', 'POMC', 'POMGNT1', 'POMGNT2', 'POMK', 'PON2', 'POP1', 'POP4', 'POP5', 'POP7', 'POPDC3', 'POR', 'PORCN', 'POSTN', 'POT1', 'POTEB3', 'POTEE', 'POTEF', 'POU1F1', 'POU2AF1', 'POU2AF2', 'POU2AF3', 'POU2F1', 'POU2F2', 'POU2F3', 'POU3F2', 'POU3F4', 'POU4F1', 'POU4F2', 'POU4F3', 'POU5F1', 'POU5F2', 'POU6F1', 'POU6F2', 'PPA2', 'PPAN', 'PPARA', 'PPARD', 'PPARG', 'PPARGC1A', 'PPARGC1B', 'PPAT', 'PPBP', 'PPCDC', 'PPEF1', 'PPFIA1', 'PPFIA2', 'PPFIA3', 'PPFIA4', 'PPFIBP1', 'PPFIBP2', 'PPHLN1', 'PPIA', 'PPIB', 'PPIC', 'PPID', 'PPIE', 'PPIF', 'PPIG', 'PPIH', 'PPIL1', 'PPIL2', 'PPIL3', 'PPIL4', 'PPIL6', 'PPIP5K2', 'PPL', 'PPM1A', 'PPM1B', 'PPM1D', 'PPM1E', 'PPM1F', 'PPM1G', 'PPM1H', 'PPM1J', 'PPM1K', 'PPP1CA', 'PPP1CB', 'PPP1CC', 'PPP1R10', 'PPP1R11', 'PPP1R12A', 'PPP1R12B', 'PPP1R12C', 'PPP1R13B', 'PPP1R13L', 'PPP1R14B', 'PPP1R15A', 'PPP1R15B', 'PPP1R16A', 'PPP1R16B', 'PPP1R18', 'PPP1R1A', 'PPP1R1B', 'PPP1R1C', 'PPP1R2', 'PPP1R21', 'PPP1R26', 'PPP1R27', 'PPP1R2B', 'PPP1R2C', 'PPP1R35', 'PPP1R37', 'PPP1R3B', 'PPP1R3C', 'PPP1R3D', 'PPP1R7', 'PPP1R8', 'PPP1R9A', 'PPP1R9B', 'PPP2CA', 'PPP2CB', 'PPP2R1A', 'PPP2R1B', 'PPP2R2A', 'PPP2R2B', 'PPP2R2C', 'PPP2R2D', 'PPP2R3A', 'PPP2R3B', 'PPP2R3C', 'PPP2R5A', 'PPP2R5B', 'PPP2R5C', 'PPP2R5D', 'PPP2R5E', 'PPP3CA', 'PPP3CB', 'PPP3CC', 'PPP3R1', 'PPP3R2', 'PPP4C', 'PPP4R1', 'PPP4R1L', 'PPP4R2', 'PPP4R3A', 'PPP4R3B', 'PPP4R4', 'PPP5C', 'PPP6C', 'PPP6R1', 'PPP6R2', 'PPP6R3', 'PPT1', 'PPTC7', 'PPY', 'PQBP1', 'PRADC1', 'PRAF2', 'PRAG1', 'PRAM1', 'PRAME', 'PRAMEF10', 'PRAP1', 'PRB2', 'PRB3', 'PRC1', 'PRCC', 'PRCP', 'PRDM1', 'PRDM10', 'PRDM11', 'PRDM14', 'PRDM16', 'PRDM2', 'PRDM4', 'PRDM5', 'PRDM6', 'PRDM7', 'PRDM8', 'PRDX1', 'PRDX2', 'PRDX3', 'PRDX4', 'PRDX5', 'PRDX6', 'PREB', 'PRELID1', 'PRELID3A', 'PREP', 'PREX1', 'PRF1', 'PRG2', 'PRH1', 'PRICKLE1', 'PRICKLE3', 'PRICKLE4', 'PRIM1', 'PRIM2', 'PRIMPOL', 'PRKAA1', 'PRKAA2', 'PRKAB1', 'PRKAB2', 'PRKACA', 'PRKACB', 'PRKACG', 'PRKAG1', 'PRKAG2', 'PRKAG3', 'PRKAR1A', 'PRKAR1B', 'PRKAR2A', 'PRKAR2B', 'PRKCA', 'PRKCB', 'PRKCD', 'PRKCE', 'PRKCG', 'PRKCH', 'PRKCI', 'PRKCQ', 'PRKCSH', 'PRKCZ', 'PRKD1', 'PRKD2', 'PRKD3', 'PRKDC', 'PRKG1', 'PRKN', 'PRKRA', 'PRKRIP1', 'PRKX', 'PRL', 'PRLHR', 'PRLR', 'PRM1', 'PRM2', 'PRMT1', 'PRMT2', 'PRMT3', 'PRMT5', 'PRMT6', 'PRMT7', 'PRMT8', 'PRMT9', 'PRND', 'PRNP', 'PROC', 'PROCA1', 'PROCR', 'PROK2', 'PROKR2', 'PROM1', 'PROM2', 'PROP1', 'PROS1', 'PROSER1', 'PROSER2', 'PROSER3', 'PROX1', 'PROZ', 'PRPF18', 'PRPF19', 'PRPF3', 'PRPF31', 'PRPF38A', 'PRPF38B', 'PRPF39', 'PRPF4', 'PRPF40A', 'PRPF40B', 'PRPF6', 'PRPF8', 'PRPH', 'PRPH2', 'PRPS1', 'PRPS2', 'PRPSAP1', 'PRPSAP2', 'PRR12', 'PRR13', 'PRR14', 'PRR15', 'PRR16', 'PRR19', 'PRR20C', 'PRR20D', 'PRR20E', 'PRR23B', 'PRR23D1', 'PRR23E', 'PRR3', 'PRR30', 'PRR32', 'PRR34', 'PRR35', 'PRR4', 'PRR5', 'PRR5L', 'PRR7', 'PRRC1', 'PRRC2A', 'PRRC2B', 'PRRC2C', 'PRRG1', 'PRRG2', 'PRRG4', 'PRRT1', 'PRRT2', 'PRRX1', 'PRSS2', 'PRSS22', 'PRSS23', 'PRSS3', 'PRSS35', 'PRSS48', 'PRSS53', 'PRSS8', 'PRTFDC1', 'PRTG', 'PRTN3', 'PRUNE1', 'PRUNE2', 'PRX', 'PRXL2B', 'PSAP', 'PSD', 'PSD4', 'PSEN1', 'PSEN2', 'PSENEN', 'PSG1', 'PSG11', 'PSG5', 'PSG7', 'PSG9', 'PSIP1', 'PSKH1', 'PSKH2', 'PSMA1', 'PSMA2', 'PSMA3', 'PSMA4', 'PSMA5', 'PSMA6', 'PSMA7', 'PSMB1', 'PSMB10', 'PSMB11', 'PSMB2', 'PSMB3', 'PSMB4', 'PSMB5', 'PSMB6', 'PSMB7', 'PSMB8', 'PSMB9', 'PSMC1', 'PSMC2', 'PSMC3', 'PSMC3IP', 'PSMC4', 'PSMC5', 'PSMC6', 'PSMD1', 'PSMD10', 'PSMD11', 'PSMD12', 'PSMD13', 'PSMD14', 'PSMD2', 'PSMD3', 'PSMD4', 'PSMD5', 'PSMD6', 'PSMD7', 'PSMD8', 'PSMD9', 'PSME1', 'PSME2', 'PSME3', 'PSME3IP1', 'PSME4', 'PSMF1', 'PSMG1', 'PSMG2', 'PSMG3', 'PSORS1C1', 'PSORS1C2', 'PSPC1', 'PSPH', 'PSRC1', 'PSTPIP1', 'PTAFR', 'PTAR1', 'PTBP1', 'PTBP2', 'PTCD1', 'PTCD2', 'PTCD3', 'PTCH1', 'PTCHD3', 'PTCRA', 'PTEN', 'PTER', 'PTGDR', 'PTGDR2', 'PTGDS', 'PTGER3', 'PTGER4', 'PTGES', 'PTGES2', 'PTGES3', 'PTGFRN', 'PTGIS', 'PTGR1', 'PTGR2', 'PTGS1', 'PTGS2', 'PTH', 'PTH1R', 'PTH2', 'PTH2R', 'PTHLH', 'PTK2', 'PTK2B', 'PTK6', 'PTK7', 'PTMA', 'PTN', 'PTP4A1', 'PTP4A2', 'PTP4A3', 'PTPA', 'PTPDC1', 'PTPMT1', 'PTPN1', 'PTPN11', 'PTPN12', 'PTPN13', 'PTPN14', 'PTPN18', 'PTPN2', 'PTPN21', 'PTPN22', 'PTPN23', 'PTPN3', 'PTPN4', 'PTPN5', 'PTPN6', 'PTPN7', 'PTPN9', 'PTPRA', 'PTPRB', 'PTPRC', 'PTPRCAP', 'PTPRD', 'PTPRE', 'PTPRF', 'PTPRG', 'PTPRH', 'PTPRJ', 'PTPRK', 'PTPRM', 'PTPRN', 'PTPRO', 'PTPRR', 'PTPRS', 'PTPRT', 'PTPRU', 'PTPRZ1', 'PTRH1', 'PTRHD1', 'PTS', 'PTTG1', 'PTTG1IP', 'PTTG2', 'PTX3', 'PUDP', 'PUF60', 'PUM1', 'PUM2', 'PUM3', 'PURA', 'PURB', 'PUS10', 'PUS7L', 'PVR', 'PVRIG', 'PWP2', 'PWWP2A', 'PWWP2B', 'PWWP3A', 'PXK', 'PXMP2', 'PXMP4', 'PXN', 'PXT1', 'PXYLP1', 'PYCARD', 'PYCR1', 'PYCR2', 'PYCR3', 'PYDC1', 'PYDC2', 'PYDC5', 'PYGB', 'PYGL', 'PYGM', 'PYGO2', 'PYM1', 'PYROXD1', 'PYROXD2', 'PYURF', 'PYY', 'QARS1', 'QKI', 'QNG1', 'QPCT', 'QPCTL', 'QPRT', 'QRFPR', 'QRICH1', 'QRICH2', 'QRSL1', 'QTRT1', 'QTRT2', 'R3HCC1L', 'R3HDM1', 'RAB10', 'RAB11A', 'RAB11B', 'RAB11FIP1', 'RAB11FIP2', 'RAB11FIP3', 'RAB11FIP4', 'RAB11FIP5', 'RAB12', 'RAB13', 'RAB14', 'RAB15', 'RAB17', 'RAB18', 'RAB19', 'RAB1A', 'RAB1B', 'RAB21', 'RAB22A', 'RAB23', 'RAB24', 'RAB25', 'RAB26', 'RAB27A', 'RAB27B', 'RAB28', 'RAB29', 'RAB2A', 'RAB2B', 'RAB30', 'RAB31', 'RAB32', 'RAB33A', 'RAB33B', 'RAB34', 'RAB35', 'RAB36', 'RAB37', 'RAB38', 'RAB39A', 'RAB39B', 'RAB3A', 'RAB3B', 'RAB3C', 'RAB3D', 'RAB3GAP1', 'RAB3GAP2', 'RAB3IL1', 'RAB3IP', 'RAB40B', 'RAB40C', 'RAB41', 'RAB42', 'RAB43', 'RAB44', 'RAB4A', 'RAB4B', 'RAB5A', 'RAB5B', 'RAB5C', 'RAB5IF', 'RAB6A', 'RAB6B', 'RAB6C', 'RAB7A', 'RAB7B', 'RAB8A', 'RAB8B', 'RAB9A', 'RAB9B', 'RABAC1', 'RABEP1', 'RABEP2', 'RABEPK', 'RABGAP1', 'RABGAP1L', 'RABGEF1', 'RABGGTA', 'RABGGTB', 'RABIF', 'RABL2A', 'RABL2B', 'RABL3', 'RABL6', 'RAC1', 'RAC2', 'RAC3', 'RACGAP1', 'RACK1', 'RAD1', 'RAD17', 'RAD18', 'RAD21', 'RAD23A', 'RAD23B', 'RAD50', 'RAD51', 'RAD51AP1', 'RAD51AP2', 'RAD51B', 'RAD51C', 'RAD51D', 'RAD52', 'RAD54L', 'RAD9A', 'RAD9B', 'RADIL', 'RADX', 'RAE1', 'RAET1E', 'RAET1G', 'RAET1L', 'RAF1', 'RAG1', 'RAI1', 'RAI14', 'RALA', 'RALB', 'RALBP1', 'RALGAPA1', 'RALGAPA2', 'RALGAPB', 'RALGDS', 'RALGPS1', 'RALGPS2', 'RALY', 'RALYL', 'RAMAC', 'RAMP1', 'RAMP2', 'RAMP3', 'RAN', 'RANBP1', 'RANBP10', 'RANBP2', 'RANBP3', 'RANBP3L', 'RANBP6', 'RANBP9', 'RANGAP1', 'RANGRF', 'RAP1A', 'RAP1B', 'RAP1GAP', 'RAP1GAP2', 'RAP1GDS1', 'RAP2A', 'RAP2B', 'RAP2C', 'RAPGEF1', 'RAPGEF2', 'RAPGEF3', 'RAPGEF4', 'RAPGEF5', 'RAPGEF6', 'RAPH1', 'RAPSN', 'RARA', 'RARB', 'RARG', 'RARRES1', 'RARRES2', 'RARS1', 'RARS2', 'RASA1', 'RASA2', 'RASAL2', 'RASAL3', 'RASGEF1B', 'RASGRP3', 'RASGRP4', 'RASIP1', 'RASL10B', 'RASL11A', 'RASL11B', 'RASL12', 'RASSF1', 'RASSF10', 'RASSF2', 'RASSF3', 'RASSF4', 'RASSF5', 'RASSF6', 'RASSF7', 'RASSF8', 'RASSF9', 'RAVER1', 'RB1', 'RB1CC1', 'RBAK', 'RBBP4', 'RBBP5', 'RBBP6', 'RBBP7', 'RBBP8', 'RBBP8NL', 'RBBP9', 'RBCK1', 'RBFA', 'RBFOX1', 'RBFOX2', 'RBIS', 'RBKS', 'RBL1', 'RBL2', 'RBM10', 'RBM11', 'RBM12', 'RBM12B', 'RBM14', 'RBM15', 'RBM15B', 'RBM17', 'RBM20', 'RBM22', 'RBM23', 'RBM24', 'RBM25', 'RBM26', 'RBM28', 'RBM3', 'RBM38', 'RBM39', 'RBM4', 'RBM41', 'RBM42', 'RBM43', 'RBM45', 'RBM46', 'RBM47', 'RBM48', 'RBM4B', 'RBM5', 'RBM6', 'RBM7', 'RBM8A', 'RBMS1', 'RBMX', 'RBMY1A1', 'RBMY1E', 'RBMY1F', 'RBP1', 'RBP3', 'RBP4', 'RBP5', 'RBP7', 'RBPJ', 'RBPJL', 'RBPMS', 'RBPMS2', 'RBSN', 'RBX1', 'RC3H1', 'RCAN1', 'RCAN3', 'RCBTB1', 'RCBTB2', 'RCC1', 'RCC1L', 'RCC2', 'RCCD1', 'RCHY1', 'RCN1', 'RCN2', 'RCN3', 'RCOR1', 'RCOR2', 'RCOR3', 'RD3', 'RDH10', 'RDH11', 'RDH12', 'RDH14', 'RDM1', 'RDUR', 'RDX', 'REC114', 'REC8', 'RECK', 'RECQL', 'RECQL4', 'RECQL5', 'REEP1', 'REEP2', 'REEP3', 'REEP4', 'REEP5', 'REEP6', 'REG1A', 'REG1B', 'REG3A', 'REL', 'RELA', 'RELB', 'RELL1', 'RELL2', 'RELT', 'REM2', 'REN', 'RENBP', 'REP15', 'REPIN1', 'REPS1', 'REPS2', 'RER1', 'RERE', 'RERG', 'RESF1', 'REST', 'RET', 'RETN', 'RETREG1', 'RETREG2', 'RETREG3', 'REV1', 'REV3L', 'REX1BD', 'REXO4', 'RFC1', 'RFC2', 'RFC3', 'RFC4', 'RFC5', 'RFESD', 'RFFL', 'RFK', 'RFLNA', 'RFPL3', 'RFPL4A', 'RFT1', 'RFTN2', 'RFWD3', 'RFX1', 'RFX2', 'RFX3', 'RFX4', 'RFX5', 'RFX6', 'RFX7', 'RFXANK', 'RFXAP', 'RGCC', 'RGL1', 'RGL2', 'RGL3', 'RGMA', 'RGMB', 'RGP1', 'RGPD5', 'RGR', 'RGS10', 'RGS12', 'RGS13', 'RGS14', 'RGS16', 'RGS17', 'RGS18', 'RGS19', 'RGS2', 'RGS20', 'RGS3', 'RGS5', 'RGS6', 'RGS8', 'RGS9', 'RHAG', 'RHBDD1', 'RHBDD2', 'RHBDF1', 'RHBDF2', 'RHBDL1', 'RHBDL2', 'RHBG', 'RHCG', 'RHD', 'RHEB', 'RHEBL1', 'RHEX', 'RHNO1', 'RHO', 'RHOA', 'RHOB', 'RHOBTB1', 'RHOBTB2', 'RHOBTB3', 'RHOC', 'RHOD', 'RHOG', 'RHOH', 'RHOJ', 'RHOQ', 'RHOT1', 'RHOT2', 'RHOU', 'RHOV', 'RHOXF1', 'RHOXF2', 'RHPN1', 'RHPN1-AS1', 'RHPN2', 'RIBC1', 'RIBC2', 'RIC1', 'RIC3', 'RIC8A', 'RICTOR', 'RIDA', 'RIF1', 'RIGI', 'RILP', 'RILPL1', 'RILPL2', 'RIMBP2', 'RIMBP3', 'RIMKLA', 'RIMOC1', 'RIMS1', 'RIMS2', 'RIMS3', 'RIMS4', 'RIN1', 'RIN3', 'RING1', 'RINT1', 'RIOK1', 'RIOK2', 'RIOK3', 'RIOX1', 'RIOX2', 'RIPK1', 'RIPK2', 'RIPK3', 'RIPK4', 'RIPOR1', 'RIPOR2', 'RIPOR3', 'RIPPLY1', 'RIPPLY2', 'RIPPLY3', 'RIT1', 'RIT2', 'RITA1', 'RLBP1', 'RLF', 'RLIM', 'RLN1', 'RLN3', 'RMC1', 'RMDN2', 'RMDN3', 'RMI1', 'RMI2', 'RMND1', 'RMND5A', 'RMND5B', 'RNASE1', 'RNASE10', 'RNASE11', 'RNASE2', 'RNASE7', 'RNASEH1', 'RNASEH2A', 'RNASEH2B', 'RNASEH2C', 'RNASEK', 'RNASEL', 'RND1', 'RND2', 'RND3', 'RNF10', 'RNF103', 'RNF111', 'RNF112', 'RNF113A', 'RNF115', 'RNF122', 'RNF123', 'RNF125', 'RNF126', 'RNF128', 'RNF13', 'RNF135', 'RNF138', 'RNF139', 'RNF14', 'RNF141', 'RNF144A', 'RNF144B', 'RNF146', 'RNF150', 'RNF151', 'RNF152', 'RNF166', 'RNF167', 'RNF168', 'RNF169', 'RNF170', 'RNF175', 'RNF180', 'RNF181', 'RNF182', 'RNF183', 'RNF185', 'RNF186', 'RNF187', 'RNF19A', 'RNF19B', 'RNF2', 'RNF20', 'RNF207', 'RNF208', 'RNF213', 'RNF214', 'RNF216', 'RNF220', 'RNF25', 'RNF26', 'RNF31', 'RNF32', 'RNF34', 'RNF38', 'RNF39', 'RNF4', 'RNF40', 'RNF41', 'RNF43', 'RNF44', 'RNF5', 'RNF7', 'RNF8', 'RNGTT', 'RNH1', 'RNLS', 'RNMT', 'RNPS1', 'RO60', 'ROBO1', 'ROBO2', 'ROBO3', 'ROBO4', 'ROCK1', 'ROCK2', 'ROGDI', 'ROM1', 'ROMO1', 'ROPN1', 'ROPN1B', 'ROPN1L', 'ROR1', 'ROR2', 'RORA', 'RORB', 'RORC', 'ROS1', 'RP1', 'RP2', 'RP9', 'RPA1', 'RPA2', 'RPA3', 'RPA4', 'RPAIN', 'RPAP1', 'RPAP2', 'RPAP3', 'RPE', 'RPE65', 'RPF1', 'RPF2', 'RPGR', 'RPGRIP1', 'RPGRIP1L', 'RPH3A', 'RPH3AL', 'RPIA', 'RPL10', 'RPL10A', 'RPL10L', 'RPL11', 'RPL12', 'RPL13', 'RPL14', 'RPL15', 'RPL17', 'RPL18', 'RPL18A', 'RPL19', 'RPL21', 'RPL22', 'RPL22L1', 'RPL23', 'RPL23A', 'RPL24', 'RPL26', 'RPL26L1', 'RPL27', 'RPL27A', 'RPL28', 'RPL3', 'RPL30', 'RPL31', 'RPL32', 'RPL34', 'RPL35', 'RPL35A', 'RPL36A', 'RPL36AL', 'RPL37A', 'RPL38', 'RPL39L', 'RPL4', 'RPL41', 'RPL5', 'RPL6', 'RPL7', 'RPL7A', 'RPL7L1', 'RPL8', 'RPL9', 'RPLP0', 'RPLP1', 'RPLP2', 'RPN1', 'RPN2', 'RPP14', 'RPP21', 'RPP25', 'RPP25L', 'RPP30', 'RPP38', 'RPP40', 'RPRD1A', 'RPRD1B', 'RPRM', 'RPS10', 'RPS11', 'RPS12', 'RPS13', 'RPS14', 'RPS15', 'RPS15A', 'RPS16', 'RPS18', 'RPS19', 'RPS19BP1', 'RPS2', 'RPS20', 'RPS21', 'RPS23', 'RPS24', 'RPS25', 'RPS26', 'RPS27', 'RPS27A', 'RPS27L', 'RPS28', 'RPS3', 'RPS3A', 'RPS4X', 'RPS5', 'RPS6', 'RPS6KA1', 'RPS6KA2', 'RPS6KA3', 'RPS6KA4', 'RPS6KA5', 'RPS6KA6', 'RPS6KB1', 'RPS6KC1', 'RPS7', 'RPS8', 'RPS9', 'RPSA', 'RPTOR', 'RPUSD1', 'RPUSD3', 'RPUSD4', 'RRAD', 'RRAGA', 'RRAGB', 'RRAGC', 'RRAGD', 'RRAS', 'RRAS2', 'RRBP1', 'RRH', 'RRM1', 'RRM2', 'RRM2B', 'RRN3', 'RRP1', 'RRP1B', 'RRP7A', 'RRP8', 'RRP9', 'RRS1', 'RSAD2', 'RSC1A1', 'RSF1', 'RSKR', 'RSL1D1', 'RSL24D1', 'RSPH1', 'RSPH14', 'RSPH3', 'RSPH6A', 'RSPH9', 'RSPO1', 'RSPO2', 'RSPO4', 'RSRC1', 'RSRC2', 'RSRP1', 'RSU1', 'RTCA', 'RTEL1', 'RTF1', 'RTF2', 'RTKN', 'RTL10', 'RTL4', 'RTL8A', 'RTL8B', 'RTL8C', 'RTN1', 'RTN2', 'RTN3', 'RTN4', 'RTN4IP1', 'RTN4R', 'RTN4RL1', 'RTP2', 'RTP3', 'RTP4', 'RTP5', 'RTRAF', 'RTTN', 'RUBCN', 'RUBCNL', 'RUFY1', 'RUFY2', 'RUFY3', 'RUFY4', 'RUNDC3A', 'RUNX1', 'RUNX1T1', 'RUNX2', 'RUNX3', 'RUSC1', 'RUSC1-AS1', 'RUSC2', 'RUSF1', 'RUVBL1', 'RUVBL2', 'RWDD1', 'RWDD2A', 'RWDD2B', 'RWDD3', 'RWDD4', 'RXFP1', 'RXFP4', 'RXRA', 'RXRB', 'RXRG', 'RXYLT1', 'RYBP', 'RYK', 'RYR2', 'S100A1', 'S100A10', 'S100A11', 'S100A12', 'S100A13', 'S100A14', 'S100A16', 'S100A2', 'S100A3', 'S100A4', 'S100A5', 'S100A6', 'S100A7', 'S100A7A', 'S100A8', 'S100A9', 'S100B', 'S100G', 'S100P', 'S100PBP', 'S100Z', 'S1PR1', 'S1PR2', 'S1PR3', 'S1PR4', 'S1PR5', 'SAA2', 'SAA4', 'SAC3D1', 'SACM1L', 'SAE1', 'SAFB', 'SAFB2', 'SAG', 'SALL1', 'SALL4', 'SAMD1', 'SAMD11', 'SAMD12', 'SAMD3', 'SAMD4A', 'SAMD4B', 'SAMD7', 'SAMD9', 'SAMD9L', 'SAMHD1', 'SAMM50', 'SAP18', 'SAP30', 'SAP30BP', 'SAP30L', 'SAPCD1', 'SAPCD2', 'SAR1A', 'SARAF', 'SARM1', 'SARNP', 'SARS1', 'SARS2', 'SART1', 'SART3', 'SASH1', 'SASS6', 'SAT1', 'SAT2', 'SATB1', 'SATB2', 'SAV1', 'SAXO1', 'SAXO2', 'SBDS', 'SBF2', 'SBK3', 'SBSN', 'SCAF1', 'SCAF11', 'SCAF8', 'SCAI', 'SCAMP1', 'SCAMP2', 'SCAMP4', 'SCAMP5', 'SCAND1', 'SCAP', 'SCAPER', 'SCARA3', 'SCARA5', 'SCARB1', 'SCARB2', 'SCARF1', 'SCARF2', 'SCD', 'SCEL', 'SCFD1', 'SCG2', 'SCG3', 'SCG5', 'SCGB1A1', 'SCGB1C2', 'SCGB1D1', 'SCGB2A1', 'SCGB2A2', 'SCGB2B2', 'SCGB3A1', 'SCGN', 'SCHIP1', 'SCIMP', 'SCLT1', 'SCLY', 'SCMH1', 'SCML1', 'SCML2', 'SCML4', 'SCN1B', 'SCN2A', 'SCN3B', 'SCN4A', 'SCN4B', 'SCN5A', 'SCN7A', 'SCN8A', 'SCN9A', 'SCNM1', 'SCNN1A', 'SCNN1B', 'SCNN1D', 'SCNN1G', 'SCO1', 'SCO2', 'SCOC', 'SCP2', 'SCRG1', 'SCRIB', 'SCRN1', 'SCRN2', 'SCT', 'SCUBE1', 'SCUBE2', 'SCUBE3', 'SCX', 'SCYL1', 'SCYL2', 'SCYL3', 'SDC1', 'SDC2', 'SDC3', 'SDC4', 'SDCBP', 'SDCBP2', 'SDCCAG8', 'SDE2', 'SDF2L1', 'SDF4', 'SDHA', 'SDHAF1', 'SDHAF2', 'SDHAF4', 'SDHB', 'SDHC', 'SDHD', 'SDK2', 'SDR16C5', 'SDS', 'SEC11A', 'SEC11C', 'SEC13', 'SEC14L1', 'SEC14L4', 'SEC14L5', 'SEC16A', 'SEC16B', 'SEC22A', 'SEC22B', 'SEC22C', 'SEC23A', 'SEC23B', 'SEC24A', 'SEC24B', 'SEC24C', 'SEC24D', 'SEC31A', 'SEC61A1', 'SEC61A2', 'SEC61B', 'SEC61G', 'SEC62', 'SEC63', 'SECISBP2', 'SECISBP2L', 'SECTM1', 'SEH1L', 'SEL1L', 'SELE', 'SELENBP1', 'SELENOF', 'SELENOK', 'SELENOM', 'SELENON', 'SELENOO', 'SELENOS', 'SELENOV', 'SELL', 'SELP', 'SELPLG', 'SEM1', 'SEMA3B', 'SEMA3C', 'SEMA3E', 'SEMA3G', 'SEMA4A', 'SEMA4B', 'SEMA4C', 'SEMA4D', 'SEMA4F', 'SEMA4G', 'SEMA6A', 'SEMA6B', 'SEMA7A', 'SEMG1', 'SEMG2', 'SENP1', 'SENP2', 'SENP3', 'SENP5', 'SENP6', 'SENP7', 'SENP8', 'SEPHS1', 'SEPHS2', 'SEPSECS', 'SEPTIN1', 'SEPTIN10', 'SEPTIN11', 'SEPTIN12', 'SEPTIN14', 'SEPTIN14P20', 'SEPTIN2', 'SEPTIN3', 'SEPTIN4', 'SEPTIN5', 'SEPTIN6', 'SEPTIN7', 'SEPTIN8', 'SEPTIN9', 'SERBP1', 'SERF1A', 'SERGEF', 'SERINC1', 'SERINC3', 'SERP2', 'SERPINA1', 'SERPINA10', 'SERPINA12', 'SERPINA2', 'SERPINA3', 'SERPINA4', 'SERPINA5', 'SERPINB1', 'SERPINB13', 'SERPINB3', 'SERPINB4', 'SERPINB5', 'SERPINB8', 'SERPINB9', 'SERPINC1', 'SERPIND1', 'SERPINE1', 'SERPINE2', 'SERPINF1', 'SERPINF2', 'SERPING1', 'SERPINH1', 'SERPINI2', 'SERTAD1', 'SERTAD2', 'SERTAD3', 'SERTAD4', 'SERTM1', 'SESN1', 'SESN2', 'SESN3', 'SESTD1', 'SET', 'SETD1A', 'SETD1B', 'SETD2', 'SETD3', 'SETD4', 'SETD5', 'SETD6', 'SETD7', 'SETD9', 'SETDB1', 'SETDB2', 'SETMAR', 'SETX', 'SEZ6', 'SEZ6L', 'SF1', 'SF3A1', 'SF3A2', 'SF3A3', 'SF3B1', 'SF3B2', 'SF3B3', 'SF3B4', 'SF3B5', 'SF3B6', 'SFI1', 'SFMBT1', 'SFMBT2', 'SFN', 'SFPQ', 'SFR1', 'SFRP1', 'SFRP4', 'SFSWAP', 'SFT2D1', 'SFT2D2', 'SFTPA1', 'SFTPA2', 'SFTPB', 'SFTPC', 'SFTPD', 'SFXN1', 'SFXN2', 'SFXN3', 'SFXN5', 'SGCA', 'SGCB', 'SGCD', 'SGCG', 'SGF29', 'SGIP1', 'SGK1', 'SGK2', 'SGK3', 'SGMS2', 'SGO1', 'SGO2', 'SGPL1', 'SGSH', 'SGSM1', 'SGSM3', 'SGTA', 'SGTB', 'SH2B1', 'SH2B2', 'SH2B3', 'SH2D1A', 'SH2D1B', 'SH2D2A', 'SH2D3A', 'SH2D3C', 'SH2D4A', 'SH2D5', 'SH3BGR', 'SH3BGRL', 'SH3BGRL3', 'SH3BP1', 'SH3BP2', 'SH3BP4', 'SH3BP5', 'SH3BP5L', 'SH3D19', 'SH3GL1', 'SH3GL2', 'SH3GL3', 'SH3GLB1', 'SH3GLB2', 'SH3KBP1', 'SH3PXD2A', 'SH3PXD2B', 'SH3RF1', 'SH3RF2', 'SH3RF3', 'SH3TC2', 'SH3YL1', 'SHANK1', 'SHANK2', 'SHANK3', 'SHARPIN', 'SHB', 'SHBG', 'SHC1', 'SHC2', 'SHC3', 'SHC4', 'SHCBP1', 'SHCBP1L', 'SHD', 'SHE', 'SHFL', 'SHH', 'SHISA2', 'SHISA3', 'SHISA4', 'SHISA5', 'SHISA6', 'SHISAL1', 'SHISAL2A', 'SHKBP1', 'SHLD1', 'SHLD2', 'SHLD3', 'SHMT1', 'SHMT2', 'SHOC2', 'SHOX', 'SHOX2', 'SHPK', 'SHPRH', 'SHQ1', 'SHROOM2', 'SHROOM3', 'SHTN1', 'SI', 'SIAE', 'SIAH1', 'SIAH2', 'SIAH3', 'SIGIRR', 'SIGLEC10', 'SIGLEC12', 'SIGLEC14', 'SIGLEC15', 'SIGLEC16', 'SIGLEC6', 'SIGLEC8', 'SIGLECL1', 'SIGMAR1', 'SIK1', 'SIK2', 'SIK3', 'SIKE1', 'SIL1', 'SIM1', 'SIM2', 'SIMC1', 'SIN3A', 'SIN3B', 'SINHCAF', 'SIPA1', 'SIPA1L1', 'SIPA1L2', 'SIPA1L3', 'SIRPA', 'SIRPB1', 'SIRPG', 'SIRT1', 'SIRT2', 'SIRT3', 'SIRT4', 'SIRT6', 'SIRT7', 'SIT1', 'SIVA1', 'SIX1', 'SIX2', 'SIX3', 'SIX5', 'SKA1', 'SKA2', 'SKA3', 'SKAP1', 'SKAP2', 'SKI', 'SKIC2', 'SKIC3', 'SKIC8', 'SKIL', 'SKP1', 'SKP2', 'SLA', 'SLA2', 'SLAIN1', 'SLAIN2', 'SLAMF1', 'SLAMF6', 'SLAMF8', 'SLBP', 'SLC10A1', 'SLC10A2', 'SLC10A4', 'SLC10A6', 'SLC10A7', 'SLC11A2', 'SLC12A2', 'SLC12A3', 'SLC12A4', 'SLC12A6', 'SLC12A8', 'SLC13A2', 'SLC13A3', 'SLC13A4', 'SLC13A5', 'SLC14A1', 'SLC14A2', 'SLC15A2', 'SLC15A3', 'SLC15A4', 'SLC15A5', 'SLC16A1', 'SLC16A10', 'SLC16A11', 'SLC16A12', 'SLC16A13', 'SLC16A2', 'SLC16A3', 'SLC16A4', 'SLC16A5', 'SLC16A6', 'SLC16A7', 'SLC16A9', 'SLC17A1', 'SLC17A8', 'SLC17A9', 'SLC18A1', 'SLC18A2', 'SLC18A3', 'SLC19A1', 'SLC19A2', 'SLC19A3', 'SLC1A1', 'SLC1A2', 'SLC1A3', 'SLC1A4', 'SLC1A5', 'SLC1A7', 'SLC22A1', 'SLC22A11', 'SLC22A12', 'SLC22A17', 'SLC22A23', 'SLC22A3', 'SLC22A4', 'SLC22A5', 'SLC22A6', 'SLC22A7', 'SLC22A9', 'SLC23A1', 'SLC23A2', 'SLC24A1', 'SLC24A5', 'SLC25A10', 'SLC25A11', 'SLC25A12', 'SLC25A13', 'SLC25A17', 'SLC25A18', 'SLC25A2', 'SLC25A20', 'SLC25A23', 'SLC25A3', 'SLC25A30', 'SLC25A31', 'SLC25A35', 'SLC25A37', 'SLC25A4', 'SLC25A40', 'SLC25A42', 'SLC25A46', 'SLC25A48', 'SLC25A5', 'SLC25A6', 'SLC26A1', 'SLC26A11', 'SLC26A3', 'SLC26A4', 'SLC26A5', 'SLC26A6', 'SLC26A8', 'SLC26A9', 'SLC27A1', 'SLC27A4', 'SLC28A3', 'SLC29A3', 'SLC2A1', 'SLC2A13', 'SLC2A3', 'SLC2A4', 'SLC2A5', 'SLC2A6', 'SLC2A7', 'SLC2A9', 'SLC30A1', 'SLC30A10', 'SLC30A2', 'SLC30A3', 'SLC30A4', 'SLC30A5', 'SLC30A6', 'SLC30A8', 'SLC31A1', 'SLC31A2', 'SLC33A1', 'SLC34A1', 'SLC34A2', 'SLC34A3', 'SLC35A1', 'SLC35A2', 'SLC35A3', 'SLC35A4', 'SLC35A5', 'SLC35B1', 'SLC35B2', 'SLC35B4', 'SLC35C1', 'SLC35C2', 'SLC35D3', 'SLC35E1', 'SLC35E2A', 'SLC35E3', 'SLC35E4', 'SLC35F1', 'SLC35F6', 'SLC35G1', 'SLC35G2', 'SLC35G5', 'SLC36A1', 'SLC37A3', 'SLC37A4', 'SLC38A1', 'SLC38A11', 'SLC38A2', 'SLC38A4', 'SLC38A6', 'SLC38A7', 'SLC38A9', 'SLC39A1', 'SLC39A10', 'SLC39A13', 'SLC39A14', 'SLC39A2', 'SLC39A3', 'SLC39A6', 'SLC39A7', 'SLC39A9', 'SLC3A1', 'SLC3A2', 'SLC40A1', 'SLC41A1', 'SLC41A2', 'SLC41A3', 'SLC43A1', 'SLC43A2', 'SLC43A3', 'SLC44A3', 'SLC44A5', 'SLC45A4', 'SLC46A3', 'SLC47A1', 'SLC48A1', 'SLC49A3', 'SLC4A1', 'SLC4A1AP', 'SLC4A2', 'SLC4A3', 'SLC4A4', 'SLC4A7', 'SLC50A1', 'SLC51A', 'SLC51B', 'SLC52A1', 'SLC52A2', 'SLC52A3', 'SLC5A1', 'SLC5A11', 'SLC5A12', 'SLC5A2', 'SLC5A3', 'SLC5A4', 'SLC5A5', 'SLC5A6', 'SLC5A8', 'SLC66A1', 'SLC66A2', 'SLC6A1', 'SLC6A12', 'SLC6A13', 'SLC6A15', 'SLC6A17', 'SLC6A19', 'SLC6A2', 'SLC6A20', 'SLC6A3', 'SLC6A4', 'SLC7A1', 'SLC7A10', 'SLC7A11', 'SLC7A14', 'SLC7A3', 'SLC7A5', 'SLC7A6', 'SLC7A7', 'SLC7A8', 'SLC7A9', 'SLC8A1', 'SLC8A3', 'SLC9A1', 'SLC9A3', 'SLC9A5', 'SLC9A6', 'SLC9A7', 'SLC9A9', 'SLC9B2', 'SLCO1A2', 'SLCO1C1', 'SLCO3A1', 'SLCO4A1', 'SLCO6A1', 'SLF1', 'SLF2', 'SLFN11', 'SLFN12', 'SLIRP', 'SLIT1', 'SLIT2', 'SLITRK1', 'SLITRK2', 'SLITRK3', 'SLITRK4', 'SLITRK5', 'SLK', 'SLMAP', 'SLN', 'SLPI', 'SLTM', 'SLU7', 'SLURP1', 'SLX1A', 'SLX4', 'SLX4IP', 'SLX9', 'SMAD1', 'SMAD2', 'SMAD3', 'SMAD4', 'SMAD5', 'SMAD6', 'SMAD7', 'SMAD9', 'SMAGP', 'SMAP1', 'SMAP2', 'SMARCA1', 'SMARCA2', 'SMARCA4', 'SMARCA5', 'SMARCAD1', 'SMARCAL1', 'SMARCB1', 'SMARCC1', 'SMARCC2', 'SMARCD1', 'SMARCD2', 'SMARCD3', 'SMARCE1', 'SMC1A', 'SMC2', 'SMC3', 'SMC4', 'SMC5', 'SMC6', 'SMCHD1', 'SMCO1', 'SMCO3', 'SMCO4', 'SMCP', 'SMCR8', 'SMDT1', 'SMG1', 'SMG5', 'SMG6', 'SMG7', 'SMG8', 'SMG9', 'SMIM1', 'SMIM11', 'SMIM12', 'SMIM14', 'SMIM19', 'SMIM2', 'SMIM20', 'SMIM21', 'SMIM22', 'SMIM26', 'SMIM3', 'SMIM30', 'SMIM5', 'SMLR1', 'SMN1', 'SMNDC1', 'SMO', 'SMOC1', 'SMOC2', 'SMPD1', 'SMPD2', 'SMPD3', 'SMPDL3A', 'SMPDL3B', 'SMR3A', 'SMR3B', 'SMTN', 'SMU1', 'SMUG1', 'SMURF1', 'SMURF2', 'SMYD1', 'SMYD2', 'SMYD3', 'SMYD4', 'SMYD5', 'SNAI1', 'SNAI2', 'SNAP23', 'SNAP25', 'SNAP29', 'SNAP47', 'SNAP91', 'SNAPC1', 'SNAPC3', 'SNAPC4', 'SNAPC5', 'SNAPIN', 'SNCA', 'SNCAIP', 'SNCB', 'SNCG', 'SND1', 'SNF8', 'SNIP1', 'SNORC', 'SNPH', 'SNRNP200', 'SNRNP25', 'SNRNP27', 'SNRNP35', 'SNRNP40', 'SNRNP48', 'SNRNP70', 'SNRPA', 'SNRPA1', 'SNRPB', 'SNRPB2', 'SNRPC', 'SNRPD1', 'SNRPD2', 'SNRPD3', 'SNRPE', 'SNRPF', 'SNRPG', 'SNRPN', 'SNTA1', 'SNTB1', 'SNTB2', 'SNTG1', 'SNTG2', 'SNU13', 'SNUPN', 'SNW1', 'SNX1', 'SNX11', 'SNX12', 'SNX15', 'SNX17', 'SNX18', 'SNX19', 'SNX2', 'SNX20', 'SNX21', 'SNX22', 'SNX27', 'SNX3', 'SNX30', 'SNX31', 'SNX32', 'SNX33', 'SNX4', 'SNX5', 'SNX6', 'SNX7', 'SNX9', 'SOAT1', 'SOAT2', 'SOCS1', 'SOCS2', 'SOCS3', 'SOCS4', 'SOCS5', 'SOCS6', 'SOCS7', 'SOD1', 'SOD2', 'SOD3', 'SOHLH1', 'SON', 'SORBS1', 'SORBS2', 'SORBS3', 'SORCS1', 'SORCS3', 'SORD', 'SORL1', 'SORT1', 'SOS1', 'SOS2', 'SOST', 'SOWAHB', 'SOX1', 'SOX10', 'SOX13', 'SOX14', 'SOX15', 'SOX17', 'SOX2', 'SOX3', 'SOX30', 'SOX4', 'SOX5', 'SOX6', 'SOX7', 'SOX9', 'SP1', 'SP100', 'SP140', 'SP2', 'SP3', 'SP4', 'SP6', 'SP7', 'SPA17', 'SPACA1', 'SPACA3', 'SPACA9', 'SPAG11B', 'SPAG16', 'SPAG4', 'SPAG5', 'SPAG7', 'SPAG8', 'SPAG9', 'SPANXA1', 'SPANXB1', 'SPANXC', 'SPANXD', 'SPANXN2', 'SPANXN3', 'SPARC', 'SPARCL1', 'SPART', 'SPAST', 'SPATA12', 'SPATA13', 'SPATA17', 'SPATA18', 'SPATA2', 'SPATA22', 'SPATA24', 'SPATA25', 'SPATA2L', 'SPATA31A7', 'SPATA32', 'SPATA33', 'SPATA4', 'SPATA46', 'SPATA6', 'SPATA7', 'SPATA8', 'SPATC1L', 'SPATS1', 'SPC24', 'SPC25', 'SPCS1', 'SPCS2', 'SPCS3', 'SPDEF', 'SPDL1', 'SPDYA', 'SPDYC', 'SPDYE2', 'SPDYE4', 'SPDYE6', 'SPECC1L', 'SPEF1', 'SPEG', 'SPEM1', 'SPEN', 'SPG11', 'SPG21', 'SPG7', 'SPHK1', 'SPHK2', 'SPHKAP', 'SPI1', 'SPIB', 'SPIC', 'SPICE1', 'SPIDR', 'SPIN1', 'SPIN2A', 'SPIN2B', 'SPIN3', 'SPIN4', 'SPINDOC', 'SPINK1', 'SPINK13', 'SPINK2', 'SPINK4', 'SPINK7', 'SPINK9', 'SPINT1', 'SPINT2', 'SPIRE1', 'SPIRE2', 'SPN', 'SPNS1', 'SPNS3', 'SPO11', 'SPOCD1', 'SPOCK1', 'SPOCK2', 'SPON1', 'SPON2', 'SPOP', 'SPOPL', 'SPOUT1', 'SPP1', 'SPPL2A', 'SPPL2B', 'SPPL2C', 'SPPL3', 'SPRED1', 'SPRED2', 'SPRING1', 'SPRR1A', 'SPRR2A', 'SPRR2E', 'SPRTN', 'SPRY1', 'SPRY2', 'SPRY3', 'SPRY4', 'SPRYD4', 'SPRYD7', 'SPSB1', 'SPSB2', 'SPSB3', 'SPSB4', 'SPTA1', 'SPTAN1', 'SPTB', 'SPTBN1', 'SPTBN4', 'SPTLC1', 'SPTLC2', 'SPTLC3', 'SPTSSA', 'SPTSSB', 'SPTY2D1', 'SPX', 'SPZ1', 'SQLE', 'SQSTM1', 'SRA1', 'SRARP', 'SRC', 'SRCAP', 'SRCIN1', 'SRD5A1', 'SRD5A2', 'SREBF1', 'SREBF2', 'SREK1', 'SREK1IP1', 'SRF', 'SRGAP1', 'SRGAP2', 'SRGAP3', 'SRGN', 'SRI', 'SRL', 'SRM', 'SRMS', 'SRP14', 'SRP19', 'SRP54', 'SRP68', 'SRP72', 'SRP9', 'SRPK1', 'SRPK2', 'SRPK3', 'SRPRA', 'SRPX', 'SRPX2', 'SRR', 'SRRM1', 'SRRM2', 'SRRM4', 'SRRT', 'SRSF1', 'SRSF10', 'SRSF11', 'SRSF12', 'SRSF2', 'SRSF3', 'SRSF4', 'SRSF5', 'SRSF6', 'SRSF7', 'SRSF8', 'SRSF9', 'SRXN1', 'SRY', 'SS18', 'SS18L1', 'SS18L2', 'SSB', 'SSBP1', 'SSBP2', 'SSBP3', 'SSBP4', 'SSC5D', 'SSH1', 'SSH2', 'SSH3', 'SSMEM1', 'SSNA1', 'SSR1', 'SSR2', 'SSR3', 'SSRP1', 'SST', 'SSTR1', 'SSTR2', 'SSTR3', 'SSTR4', 'SSTR5', 'SSU72', 'SSX1', 'SSX2', 'SSX3', 'SSX4', 'SSX5', 'SSX7', 'ST13', 'ST3GAL3', 'ST6GAL1', 'ST6GAL2', 'ST6GALNAC1', 'ST6GALNAC3', 'ST6GALNAC6', 'ST7', 'ST8SIA1', 'ST8SIA5', 'STAB1', 'STAB2', 'STAC', 'STAC2', 'STAC3', 'STAG1', 'STAG2', 'STAM', 'STAM2', 'STAMBP', 'STAMBPL1', 'STAP1', 'STAP2', 'STAR', 'STARD3', 'STARD3NL', 'STARD4', 'STARD7', 'STAT1', 'STAT2', 'STAT3', 'STAT4', 'STAT5A', 'STAT5B', 'STAT6', 'STATH', 'STAU1', 'STAU2', 'STBD1', 'STC1', 'STEAP1', 'STEAP1B', 'STEAP3', 'STEEP1', 'STH', 'STIL', 'STIM1', 'STIM2', 'STIMATE', 'STING1', 'STIP1', 'STK10', 'STK11', 'STK16', 'STK24', 'STK25', 'STK26', 'STK3', 'STK32A', 'STK32C', 'STK35', 'STK36', 'STK38', 'STK38L', 'STK39', 'STK4', 'STK40', 'STMN1', 'STMN2', 'STMN3', 'STMN4', 'STMP1', 'STN1', 'STOM', 'STOML1', 'STOML2', 'STOML3', 'STON2', 'STOX1', 'STPG4', 'STRA6', 'STRA8', 'STRADA', 'STRADB', 'STRAP', 'STRBP', 'STRIP1', 'STRIT1', 'STRN', 'STRN3', 'STRN4', 'STT3A', 'STT3B', 'STUB1', 'STUM', 'STX10', 'STX11', 'STX12', 'STX16', 'STX17', 'STX18', 'STX19', 'STX1A', 'STX1B', 'STX2', 'STX3', 'STX4', 'STX5', 'STX6', 'STX7', 'STX8', 'STXBP1', 'STXBP2', 'STXBP3', 'STXBP4', 'STYK1', 'STYX', 'STYXL1', 'SUB1', 'SUCLA2', 'SUCLG1', 'SUCLG2', 'SUCNR1', 'SUDS3', 'SUFU', 'SUGP1', 'SUGP2', 'SUGT1', 'SULF2', 'SULT1A1', 'SULT1A2', 'SULT1A3', 'SULT1A4', 'SULT1B1', 'SULT1C2', 'SULT1C3', 'SULT1E1', 'SULT2A1', 'SULT2B1', 'SULT4A1', 'SUMF1', 'SUMF2', 'SUMO1', 'SUMO1P1', 'SUMO2', 'SUMO3', 'SUN1', 'SUN2', 'SUN5', 'SUOX', 'SUPT20H', 'SUPT4H1', 'SUPT5H', 'SUPT6H', 'SUPT7L', 'SUPV3L1', 'SURF1', 'SURF2', 'SURF4', 'SURF6', 'SUSD2', 'SUSD3', 'SUSD4', 'SUSD6', 'SUV39H1', 'SUV39H2', 'SUZ12', 'SV2B', 'SV2C', 'SVBP', 'SVEP1', 'SVIL', 'SVIP', 'SVOP', 'SVOPL', 'SWAP70', 'SWI5', 'SWSAP1', 'SYAP1', 'SYBU', 'SYCE1', 'SYCE2', 'SYCE3', 'SYCN', 'SYCP3', 'SYF2', 'SYK', 'SYMPK', 'SYN1', 'SYN2', 'SYN3', 'SYNC', 'SYNCRIP', 'SYNDIG1', 'SYNE1', 'SYNE2', 'SYNE3', 'SYNE4', 'SYNGAP1', 'SYNGR1', 'SYNGR2', 'SYNGR3', 'SYNJ1', 'SYNJ2', 'SYNJ2BP', 'SYNM', 'SYNPO', 'SYNPO2', 'SYNPO2L', 'SYNPR', 'SYNRG', 'SYP', 'SYPL1', 'SYPL2', 'SYS1', 'SYT1', 'SYT11', 'SYT15', 'SYT16', 'SYT17', 'SYT2', 'SYT3', 'SYT4', 'SYT6', 'SYT7', 'SYT9', 'SYTL1', 'SYTL2', 'SYTL3', 'SYTL4', 'SYTL5', 'SYVN1', 'SZRD1', 'SZT2', 'TAAR9', 'TAB1', 'TAB2', 'TAB3', 'TAC1', 'TAC3', 'TACC1', 'TACO1', 'TACR1', 'TACR2', 'TACR3', 'TACSTD2', 'TADA2A', 'TADA2B', 'TADA3', 'TAF1', 'TAF10', 'TAF11', 'TAF12', 'TAF13', 'TAF15', 'TAF1A', 'TAF1B', 'TAF1C', 'TAF1D', 'TAF2', 'TAF3', 'TAF4', 'TAF5', 'TAF5L', 'TAF6', 'TAF7', 'TAF7L', 'TAF8', 'TAF9', 'TAF9B', 'TAFA1', 'TAFA4', 'TAGAP', 'TAGLN', 'TAGLN2', 'TAGLN3', 'TAL1', 'TAL2', 'TALDO1', 'TAMALIN', 'TAMM41', 'TANC1', 'TANC2', 'TANGO2', 'TANK', 'TAOK1', 'TAOK2', 'TAOK3', 'TAP1', 'TAP2', 'TAPBP', 'TAPBPL', 'TARBP2', 'TARDBP', 'TARS1', 'TARS2', 'TARS3', 'TAS1R2', 'TAS1R3', 'TAS2R10', 'TAS2R16', 'TAS2R19', 'TAS2R41', 'TAS2R5', 'TAS2R7', 'TAS2R8', 'TASL', 'TASOR', 'TASOR2', 'TAT', 'TATDN1', 'TAX1BP1', 'TAX1BP3', 'TBATA', 'TBC1D1', 'TBC1D10A', 'TBC1D10B', 'TBC1D10C', 'TBC1D13', 'TBC1D14', 'TBC1D15', 'TBC1D16', 'TBC1D17', 'TBC1D19', 'TBC1D2', 'TBC1D20', 'TBC1D21', 'TBC1D22A', 'TBC1D22B', 'TBC1D23', 'TBC1D24', 'TBC1D25', 'TBC1D2B', 'TBC1D31', 'TBC1D32', 'TBC1D3F', 'TBC1D3G', 'TBC1D4', 'TBC1D5', 'TBC1D7', 'TBC1D8', 'TBC1D8B', 'TBC1D9', 'TBC1D9B', 'TBCA', 'TBCB', 'TBCC', 'TBCCD1', 'TBCE', 'TBCEL', 'TBCK', 'TBK1', 'TBKBP1', 'TBL1X', 'TBL1XR1', 'TBL1Y', 'TBL3', 'TBP', 'TBPL1', 'TBR1', 'TBRG1', 'TBRG4', 'TBX1', 'TBX15', 'TBX18', 'TBX19', 'TBX2', 'TBX21', 'TBX3', 'TBX5', 'TBX6', 'TBXA2R', 'TBXAS1', 'TCAF2', 'TCAP', 'TCEA1', 'TCEA2', 'TCEA3', 'TCEAL1', 'TCEAL4', 'TCEAL5', 'TCEAL8', 'TCEANC', 'TCEANC2', 'TCERG1', 'TCF12', 'TCF20', 'TCF21', 'TCF23', 'TCF24', 'TCF25', 'TCF3', 'TCF4', 'TCF7', 'TCF7L1', 'TCF7L2', 'TCHP', 'TCIM', 'TCIRG1', 'TCL1A', 'TCL1B', 'TCN1', 'TCN2', 'TCOF1', 'TCP1', 'TCP10L', 'TCP11', 'TCP11L1', 'TCP11L2', 'TCTA', 'TCTE1', 'TCTN1', 'TCTN2', 'TCTN3', 'TDG', 'TDO2', 'TDP1', 'TDP2', 'TDRD1', 'TDRD3', 'TDRD7', 'TEAD1', 'TEAD2', 'TEAD3', 'TEAD4', 'TEC', 'TECPR1', 'TECPR2', 'TECR', 'TEDC1', 'TEDC2', 'TEF', 'TEFM', 'TEK', 'TEKT1', 'TEKT2', 'TEKT3', 'TEKT4', 'TEKT5', 'TELO2', 'TEN1', 'TENM2', 'TENM4', 'TENT2', 'TENT4A', 'TENT4B', 'TENT5A', 'TENT5B', 'TENT5C', 'TENT5D', 'TEP1', 'TEPSIN', 'TERB1', 'TERB2', 'TERF1', 'TERF2', 'TERF2IP', 'TERT', 'TES', 'TESC', 'TESK1', 'TESK2', 'TET1', 'TET2', 'TET3', 'TEX10', 'TEX101', 'TEX11', 'TEX12', 'TEX13A', 'TEX13B', 'TEX14', 'TEX19', 'TEX264', 'TEX28', 'TEX29', 'TEX35', 'TEX44', 'TEX47', 'TEX48', 'TEX55', 'TEX9', 'TF', 'TFAM', 'TFAP2A', 'TFAP2B', 'TFAP2C', 'TFAP2D', 'TFAP4', 'TFB1M', 'TFCP2', 'TFDP1', 'TFDP2', 'TFE3', 'TFEB', 'TFEC', 'TFF1', 'TFF2', 'TFF3', 'TFG', 'TFIP11', 'TFPT', 'TFR2', 'TFRC', 'TG', 'TGDS', 'TGFA', 'TGFB1', 'TGFB1I1', 'TGFB2', 'TGFB3', 'TGFBI', 'TGFBR1', 'TGFBR2', 'TGFBR3', 'TGFBRAP1', 'TGIF1', 'TGIF2LY', 'TGM1', 'TGM2', 'TGM3', 'TGM5', 'TGM7', 'TGOLN2', 'TGS1', 'TH', 'THADA', 'THAP1', 'THAP10', 'THAP11', 'THAP12', 'THAP3', 'THAP4', 'THAP6', 'THAP7', 'THAP8', 'THAP9', 'THBD', 'THBS1', 'THBS2', 'THBS3', 'THBS4', 'THEM4', 'THEM5', 'THEMIS', 'THEMIS2', 'THG1L', 'THOC1', 'THOC2', 'THOC5', 'THOC7', 'THOP1', 'THPO', 'THRA', 'THRB', 'THRSP', 'THSD1', 'THSD7A', 'THSD7B', 'THTPA', 'THUMPD1', 'THUMPD2', 'THUMPD3', 'THY1', 'THYN1', 'TIA1', 'TIAL1', 'TIAM1', 'TICAM1', 'TICAM2', 'TICRR', 'TIE1', 'TIFA', 'TIFAB', 'TIGAR', 'TIGD1', 'TIGD3', 'TIGD4', 'TIGD5', 'TIGD7', 'TIGIT', 'TIMELESS', 'TIMM10', 'TIMM10B', 'TIMM17B', 'TIMM21', 'TIMM22', 'TIMM23', 'TIMM29', 'TIMM44', 'TIMM50', 'TIMM8A', 'TIMMDC1', 'TIMP1', 'TIMP2', 'TIMP3', 'TINAGL1', 'TINF2', 'TIPIN', 'TIPRL', 'TIRAP', 'TJAP1', 'TJP1', 'TJP2', 'TJP3', 'TK1', 'TK2', 'TKFC', 'TKT', 'TLCD1', 'TLCD3A', 'TLCD4', 'TLE1', 'TLE2', 'TLE3', 'TLE4', 'TLE5', 'TLE6', 'TLK1', 'TLK2', 'TLN1', 'TLN2', 'TLNRD1', 'TLR1', 'TLR10', 'TLR2', 'TLR3', 'TLR4', 'TLR5', 'TLR6', 'TLR7', 'TLR8', 'TLX1', 'TLX2', 'TLX3', 'TM2D1', 'TM2D2', 'TM4SF1', 'TM4SF18', 'TM4SF19', 'TM4SF20', 'TM4SF4', 'TM4SF5', 'TM6SF1', 'TM6SF2', 'TM7SF2', 'TM9SF4', 'TMA16', 'TMBIM1', 'TMBIM4', 'TMBIM6', 'TMC4', 'TMC6', 'TMC8', 'TMCC1', 'TMCC2', 'TMCC3', 'TMCO1', 'TMCO2', 'TMCO4', 'TMCO5A', 'TMCO6', 'TMED1', 'TMED10', 'TMED2', 'TMED8', 'TMED9', 'TMEFF2', 'TMEM100', 'TMEM101', 'TMEM102', 'TMEM106A', 'TMEM106B', 'TMEM106C', 'TMEM107', 'TMEM108', 'TMEM109', 'TMEM11', 'TMEM114', 'TMEM115', 'TMEM120A', 'TMEM120B', 'TMEM121', 'TMEM123', 'TMEM126B', 'TMEM128', 'TMEM129', 'TMEM130', 'TMEM132D', 'TMEM132E-DT', 'TMEM134', 'TMEM135', 'TMEM139', 'TMEM140', 'TMEM141', 'TMEM143', 'TMEM144', 'TMEM147', 'TMEM14B', 'TMEM14C', 'TMEM150A', 'TMEM151B', 'TMEM154', 'TMEM160', 'TMEM161A', 'TMEM163', 'TMEM167A', 'TMEM167B', 'TMEM17', 'TMEM170A', 'TMEM170B', 'TMEM171', 'TMEM174', 'TMEM175', 'TMEM176A', 'TMEM176B', 'TMEM177', 'TMEM178A', 'TMEM179B', 'TMEM18', 'TMEM182', 'TMEM183A', 'TMEM185A', 'TMEM186', 'TMEM187', 'TMEM19', 'TMEM190', 'TMEM196', 'TMEM200A', 'TMEM201', 'TMEM203', 'TMEM205', 'TMEM207', 'TMEM208', 'TMEM215', 'TMEM216', 'TMEM218', 'TMEM219', 'TMEM220', 'TMEM222', 'TMEM225B', 'TMEM229B', 'TMEM230', 'TMEM231', 'TMEM233', 'TMEM234', 'TMEM236', 'TMEM237', 'TMEM238L', 'TMEM239', 'TMEM241', 'TMEM242', 'TMEM243', 'TMEM248', 'TMEM25', 'TMEM250', 'TMEM252', 'TMEM254', 'TMEM255B', 'TMEM258', 'TMEM262', 'TMEM266', 'TMEM267', 'TMEM268', 'TMEM276', 'TMEM30A', 'TMEM30B', 'TMEM31', 'TMEM33', 'TMEM35A', 'TMEM38B', 'TMEM39A', 'TMEM39B', 'TMEM40', 'TMEM41A', 'TMEM41B', 'TMEM42', 'TMEM43', 'TMEM44', 'TMEM45A', 'TMEM45B', 'TMEM47', 'TMEM50A', 'TMEM50B', 'TMEM51', 'TMEM52B', 'TMEM54', 'TMEM59', 'TMEM59L', 'TMEM60', 'TMEM61', 'TMEM62', 'TMEM63A', 'TMEM65', 'TMEM67', 'TMEM69', 'TMEM70', 'TMEM71', 'TMEM72', 'TMEM74', 'TMEM79', 'TMEM80', 'TMEM86A', 'TMEM86B', 'TMEM88', 'TMEM89', 'TMEM8B', 'TMEM9', 'TMEM91', 'TMEM92', 'TMEM95', 'TMEM97', 'TMEM9B', 'TMF1', 'TMIGD1', 'TMIGD2', 'TMOD2', 'TMOD3', 'TMOD4', 'TMPO', 'TMPPE', 'TMPRSS11D', 'TMPRSS11E', 'TMPRSS15', 'TMPRSS2', 'TMPRSS4', 'TMPRSS6', 'TMSB10', 'TMSB4X', 'TMSB4Y', 'TMT1A', 'TMTC1', 'TMTC2', 'TMTC3', 'TMTC4', 'TMUB1', 'TMUB2', 'TMX1', 'TMX2', 'TMX3', 'TNC', 'TNF', 'TNFAIP1', 'TNFAIP2', 'TNFAIP3', 'TNFAIP6', 'TNFAIP8', 'TNFAIP8L1', 'TNFAIP8L2', 'TNFAIP8L3', 'TNFRSF10A', 'TNFRSF10B', 'TNFRSF10C', 'TNFRSF10D', 'TNFRSF11A', 'TNFRSF11B', 'TNFRSF12A', 'TNFRSF13B', 'TNFRSF14', 'TNFRSF17', 'TNFRSF19', 'TNFRSF1A', 'TNFRSF1B', 'TNFRSF21', 'TNFRSF4', 'TNFRSF6B', 'TNFRSF8', 'TNFRSF9', 'TNFSF10', 'TNFSF11', 'TNFSF12', 'TNFSF13', 'TNFSF14', 'TNFSF15', 'TNFSF18', 'TNFSF4', 'TNFSF8', 'TNFSF9', 'TNIK', 'TNIP1', 'TNIP2', 'TNIP3', 'TNK1', 'TNK2', 'TNKS', 'TNKS1BP1', 'TNKS2', 'TNMD', 'TNNC1', 'TNNC2', 'TNNI1', 'TNNI2', 'TNNI3', 'TNNI3K', 'TNNT1', 'TNNT2', 'TNP1', 'TNP2', 'TNPO1', 'TNPO2', 'TNPO3', 'TNRC6A', 'TNRC6B', 'TNRC6C', 'TNS1', 'TNS2', 'TNS3', 'TNS4', 'TNXB', 'TOB1', 'TOB2', 'TOE1', 'TOGARAM1', 'TOLLIP', 'TOM1', 'TOM1L1', 'TOM1L2', 'TOMM20', 'TOMM20L', 'TOMM22', 'TOMM34', 'TOMM40', 'TOMM6', 'TOMM7', 'TOMM70', 'TONSL', 'TOP1', 'TOP2A', 'TOP2B', 'TOP3A', 'TOP3B', 'TOPBP1', 'TOPORS', 'TOR1A', 'TOR1AIP1', 'TOR1AIP2', 'TOR1B', 'TOX', 'TOX2', 'TOX3', 'TOX4', 'TP53', 'TP53BP1', 'TP53BP2', 'TP53I13', 'TP53INP1', 'TP53INP2', 'TP53RK', 'TP63', 'TP73', 'TPCN1', 'TPCN2', 'TPD52', 'TPD52L1', 'TPD52L2', 'TPD52L3', 'TPGS2', 'TPH1', 'TPI1', 'TPK1', 'TPM1', 'TPM2', 'TPM3', 'TPM4', 'TPMT', 'TPP1', 'TPP2', 'TPPP', 'TPR', 'TPRA1', 'TPRG1', 'TPRKB', 'TPRN', 'TPRX1', 'TPSAB1', 'TPSB2', 'TPSG1', 'TPT1', 'TPTE', 'TPX2', 'TRA2A', 'TRA2B', 'TRABD', 'TRABD2B', 'TRADD', 'TRAF1', 'TRAF2', 'TRAF3', 'TRAF3IP1', 'TRAF3IP2', 'TRAF3IP3', 'TRAF4', 'TRAF5', 'TRAF6', 'TRAF7', 'TRAFD1', 'TRAIP', 'TRAK1', 'TRAK2', 'TRAM1', 'TRAM1L1', 'TRAM2', 'TRAP1', 'TRAPPC10', 'TRAPPC11', 'TRAPPC12', 'TRAPPC13', 'TRAPPC14', 'TRAPPC2', 'TRAPPC2B', 'TRAPPC2L', 'TRAPPC3', 'TRAPPC3L', 'TRAPPC5', 'TRAPPC6A', 'TRAPPC6B', 'TRAPPC8', 'TRAPPC9', 'TRAT1', 'TRDN', 'TREM2', 'TREML1', 'TREML2', 'TRERF1', 'TREX1', 'TREX2', 'TRH', 'TRHR', 'TRIAP1', 'TRIB1', 'TRIB2', 'TRIB3', 'TRIL', 'TRIM10', 'TRIM11', 'TRIM13', 'TRIM14', 'TRIM15', 'TRIM16', 'TRIM16L', 'TRIM17', 'TRIM2', 'TRIM21', 'TRIM22', 'TRIM23', 'TRIM24', 'TRIM25', 'TRIM26', 'TRIM27', 'TRIM28', 'TRIM29', 'TRIM3', 'TRIM31', 'TRIM32', 'TRIM33', 'TRIM35', 'TRIM36', 'TRIM37', 'TRIM38', 'TRIM39', 'TRIM40', 'TRIM41', 'TRIM42', 'TRIM43', 'TRIM44', 'TRIM45', 'TRIM47', 'TRIM48', 'TRIM49', 'TRIM49C', 'TRIM5', 'TRIM50', 'TRIM54', 'TRIM55', 'TRIM56', 'TRIM59', 'TRIM6', 'TRIM60', 'TRIM62', 'TRIM63', 'TRIM68', 'TRIM69', 'TRIM7', 'TRIM71', 'TRIM72', 'TRIM74', 'TRIM8', 'TRIM9', 'TRIML2', 'TRIO', 'TRIOBP', 'TRIP10', 'TRIP11', 'TRIP12', 'TRIP13', 'TRIP4', 'TRIP6', 'TRIR', 'TRIT1', 'TRMO', 'TRMT1', 'TRMT10A', 'TRMT10B', 'TRMT10C', 'TRMT11', 'TRMT112', 'TRMT12', 'TRMT1L', 'TRMT2A', 'TRMT2B', 'TRMT6', 'TRMT61A', 'TRMT61B', 'TRMU', 'TRNAU1AP', 'TRNT1', 'TRO', 'TROAP', 'TRPC1', 'TRPC3', 'TRPC4', 'TRPC4AP', 'TRPC5', 'TRPC6', 'TRPC7', 'TRPM1', 'TRPM4', 'TRPM5', 'TRPM6', 'TRPM7', 'TRPM8', 'TRPS1', 'TRPT1', 'TRPV1', 'TRPV3', 'TRPV4', 'TRPV5', 'TRPV6', 'TRRAP', 'TRUB1', 'TSACC', 'TSC1', 'TSC2', 'TSC22D1', 'TSC22D2', 'TSC22D3', 'TSC22D4', 'TSEN15', 'TSEN2', 'TSEN54', 'TSFM', 'TSG101', 'TSGA10', 'TSGA10IP', 'TSGA13', 'TSHR', 'TSHZ2', 'TSHZ3', 'TSKS', 'TSN', 'TSNAX', 'TSNAXIP1', 'TSPAN1', 'TSPAN10', 'TSPAN12', 'TSPAN13', 'TSPAN14', 'TSPAN15', 'TSPAN16', 'TSPAN18', 'TSPAN2', 'TSPAN31', 'TSPAN33', 'TSPAN4', 'TSPAN5', 'TSPAN6', 'TSPAN7', 'TSPAN8', 'TSPO', 'TSPO2', 'TSPOAP1', 'TSPY1', 'TSPY10', 'TSPY2', 'TSPYL2', 'TSPYL4', 'TSPYL5', 'TSPYL6', 'TSR1', 'TSR2', 'TSSC4', 'TSSK1B', 'TSSK2', 'TSSK3', 'TSSK4', 'TSSK6', 'TSTD2', 'TTBK2', 'TTC1', 'TTC12', 'TTC17', 'TTC19', 'TTC21B', 'TTC23', 'TTC23L', 'TTC24', 'TTC27', 'TTC3', 'TTC32', 'TTC33', 'TTC38', 'TTC39A', 'TTC39B', 'TTC4', 'TTC5', 'TTC7A', 'TTC7B', 'TTC8', 'TTC9C', 'TTF1', 'TTF2', 'TTI1', 'TTK', 'TTLL10', 'TTLL12', 'TTLL2', 'TTLL6', 'TTLL7', 'TTN', 'TTPA', 'TTR', 'TTYH1', 'TTYH2', 'TTYH3', 'TUBA1A', 'TUBA1B', 'TUBA1C', 'TUBA3E', 'TUBA4A', 'TUBA8', 'TUBB', 'TUBB1', 'TUBB2A', 'TUBB2B', 'TUBB3', 'TUBB4A', 'TUBB4B', 'TUBB6', 'TUBB8', 'TUBD1', 'TUBG1', 'TUBGCP2', 'TUBGCP3', 'TUBGCP4', 'TUBGCP5', 'TUFM', 'TUFT1', 'TULP1', 'TULP3', 'TUSC2', 'TUT1', 'TUT4', 'TUT7', 'TVP23A', 'TVP23B', 'TWF1', 'TWF2', 'TWIST1', 'TWIST2', 'TWNK', 'TWSG1', 'TXK', 'TXLNA', 'TXLNB', 'TXLNG', 'TXN', 'TXN2', 'TXNDC11', 'TXNDC12', 'TXNDC15', 'TXNDC16', 'TXNDC17', 'TXNDC2', 'TXNDC5', 'TXNDC9', 'TXNIP', 'TXNL4A', 'TXNL4B', 'TXNRD1', 'TXNRD2', 'TXNRD3', 'TYK2', 'TYMP', 'TYMS', 'TYMSOS', 'TYR', 'TYRO3', 'TYROBP', 'TYRP1', 'TYSND1', 'TYW1B', 'TYW3', 'TYW5', 'U2AF1', 'U2AF2', 'U2SURP', 'UACA', 'UBA1', 'UBA2', 'UBA3', 'UBA5', 'UBA52', 'UBA6', 'UBA7', 'UBAC1', 'UBAC2', 'UBALD1', 'UBAP1', 'UBAP2', 'UBAP2L', 'UBASH3A', 'UBASH3B', 'UBB', 'UBC', 'UBD', 'UBE2A', 'UBE2B', 'UBE2C', 'UBE2D1', 'UBE2D2', 'UBE2D3', 'UBE2E1', 'UBE2E2', 'UBE2E3', 'UBE2F', 'UBE2G1', 'UBE2G2', 'UBE2H', 'UBE2I', 'UBE2J1', 'UBE2J2', 'UBE2K', 'UBE2L3', 'UBE2L6', 'UBE2M', 'UBE2N', 'UBE2O', 'UBE2Q1', 'UBE2Q2', 'UBE2QL1', 'UBE2R2', 'UBE2S', 'UBE2T', 'UBE2U', 'UBE2V1', 'UBE2V2', 'UBE2W', 'UBE2Z', 'UBE3A', 'UBE3B', 'UBE3C', 'UBE3D', 'UBE4A', 'UBE4B', 'UBL3', 'UBL4A', 'UBL4B', 'UBL5', 'UBL7', 'UBLCP1', 'UBN1', 'UBN2', 'UBOX5', 'UBP1', 'UBQLN1', 'UBQLN2', 'UBQLN3', 'UBQLN4', 'UBQLNL', 'UBR1', 'UBR2', 'UBR3', 'UBR4', 'UBR5', 'UBTD1', 'UBTD2', 'UBTF', 'UBTFL1', 'UBXN1', 'UBXN10', 'UBXN11', 'UBXN2A', 'UBXN2B', 'UBXN4', 'UBXN6', 'UBXN7', 'UBXN8', 'UCHL1', 'UCHL3', 'UCHL5', 'UCK1', 'UCKL1', 'UCMA', 'UCN', 'UCN3', 'UCP1', 'UCP2', 'UCP3', 'UEVLD', 'UFC1', 'UFD1', 'UFL1', 'UFM1', 'UFSP1', 'UFSP2', 'UGCG', 'UGGT1', 'UGGT2', 'UGP2', 'UGT1A1', 'UGT1A10', 'UGT1A7', 'UGT1A8', 'UGT1A9', 'UGT2B11', 'UHMK1', 'UHRF1', 'UHRF2', 'UIMC1', 'ULBP1', 'ULBP2', 'ULBP3', 'ULK1', 'ULK2', 'ULK3', 'ULK4', 'UMAD1', 'UMOD', 'UMPS', 'UNC119', 'UNC119B', 'UNC13B', 'UNC13D', 'UNC45A', 'UNC45B', 'UNC50', 'UNC5B', 'UNC5C', 'UNC5CL', 'UNC93A', 'UNC93B1', 'UNG', 'UNKL', 'UPF1', 'UPF2', 'UPF3A', 'UPF3B', 'UPK1A', 'UPK1B', 'UPK2', 'UPK3A', 'UPK3B', 'UPP2', 'UPRT', 'UQCC1', 'UQCC2', 'UQCC6', 'UQCR10', 'UQCRB', 'UQCRC1', 'UQCRC2', 'UQCRFS1', 'UQCRH', 'URB1-AS1', 'URI1', 'URM1', 'UROC1', 'UROD', 'USB1', 'USE1', 'USF1', 'USF2', 'USH1C', 'USH1G', 'USH2A', 'USHBP1', 'USO1', 'USP1', 'USP10', 'USP11', 'USP12', 'USP13', 'USP14', 'USP15', 'USP17L2', 'USP18', 'USP19', 'USP2', 'USP20', 'USP21', 'USP22', 'USP24', 'USP25', 'USP26', 'USP28', 'USP29', 'USP30', 'USP32', 'USP33', 'USP34', 'USP36', 'USP37', 'USP38', 'USP39', 'USP4', 'USP42', 'USP44', 'USP45', 'USP46', 'USP47', 'USP48', 'USP49', 'USP5', 'USP53', 'USP54', 'USP6', 'USP6NL', 'USP7', 'USP8', 'USP9X', 'USPL1', 'UTF1', 'UTP11', 'UTP14A', 'UTP14C', 'UTP15', 'UTP20', 'UTP23', 'UTP25', 'UTP3', 'UTP4', 'UTP6', 'UTRN', 'UVRAG', 'UVSSA', 'UXT', 'VAC14', 'VAMP1', 'VAMP2', 'VAMP3', 'VAMP4', 'VAMP5', 'VAMP7', 'VAMP8', 'VANGL1', 'VANGL2', 'VAPA', 'VAPB', 'VARS1', 'VARS2', 'VASH1', 'VASH2', 'VASN', 'VASP', 'VAT1', 'VAT1L', 'VAV1', 'VAV2', 'VAV3', 'VAX1', 'VAX2', 'VBP1', 'VCAM1', 'VCAN', 'VCL', 'VCP', 'VCPIP1', 'VCPKMT', 'VCY', 'VDAC1', 'VDAC2', 'VDR', 'VEGFA', 'VEGFB', 'VEGFC', 'VEGFD', 'VENTX', 'VEPH1', 'VEZF1', 'VGLL1', 'VGLL2', 'VGLL3', 'VGLL4', 'VHL', 'VHLL', 'VIL1', 'VILL', 'VIM', 'VIP', 'VIPAS39', 'VIPR1', 'VIRMA', 'VKORC1', 'VKORC1L1', 'VLDLR', 'VMA21', 'VMAC', 'VMP1', 'VNN2', 'VOPP1', 'VPS11', 'VPS13A', 'VPS16', 'VPS18', 'VPS25', 'VPS26A', 'VPS26B', 'VPS26C', 'VPS28', 'VPS29', 'VPS33A', 'VPS33B', 'VPS35', 'VPS35L', 'VPS36', 'VPS37A', 'VPS37B', 'VPS37C', 'VPS37D', 'VPS39', 'VPS41', 'VPS45', 'VPS4A', 'VPS4B', 'VPS50', 'VPS51', 'VPS52', 'VPS53', 'VPS54', 'VPS72', 'VPS8', 'VRK1', 'VRK2', 'VRK3', 'VRTN', 'VSIG1', 'VSIG8', 'VSIR', 'VSNL1', 'VSTM1', 'VSTM2A', 'VSTM2L', 'VSTM4', 'VSX1', 'VSX2', 'VTA1', 'VTCN1', 'VTI1A', 'VTI1B', 'VTN', 'VWA2', 'VWA5A', 'VWA8', 'VWC2', 'VWC2L', 'VWCE', 'VWF', 'VXN', 'WAC', 'WAPL', 'WARS1', 'WAS', 'WASF1', 'WASF2', 'WASF3', 'WASHC1', 'WASHC2A', 'WASHC2C', 'WASHC4', 'WASHC5', 'WASL', 'WBP1', 'WBP1L', 'WBP2', 'WBP2NL', 'WBP4', 'WDCP', 'WDFY1', 'WDFY2', 'WDFY3', 'WDFY4', 'WDHD1', 'WDR1', 'WDR11', 'WDR12', 'WDR18', 'WDR19', 'WDR20', 'WDR24', 'WDR25', 'WDR26', 'WDR27', 'WDR31', 'WDR33', 'WDR35', 'WDR37', 'WDR4', 'WDR41', 'WDR43', 'WDR44', 'WDR45', 'WDR45B', 'WDR47', 'WDR48', 'WDR5', 'WDR54', 'WDR59', 'WDR6', 'WDR62', 'WDR73', 'WDR74', 'WDR75', 'WDR76', 'WDR77', 'WDR81', 'WDR82', 'WDR83', 'WDR88', 'WDR90', 'WDR91', 'WDTC1', 'WEE1', 'WFDC10B', 'WFDC12', 'WFDC13', 'WFDC2', 'WFDC3', 'WFDC5', 'WFDC6', 'WFDC9', 'WFIKKN1', 'WFIKKN2', 'WFS1', 'WHRN', 'WIF1', 'WIPF1', 'WIPF2', 'WIPF3', 'WIPI1', 'WIPI2', 'WIZ', 'WLS', 'WNK1', 'WNK3', 'WNK4', 'WNT10B', 'WNT11', 'WNT2', 'WNT2B', 'WNT3', 'WNT3A', 'WNT5A', 'WNT7A', 'WNT7B', 'WNT9A', 'WRAP53', 'WRAP73', 'WRN', 'WRNIP1', 'WSB2', 'WT1', 'WT1-AS', 'WTAP', 'WTIP', 'WWC1', 'WWC2', 'WWOX', 'WWP1', 'WWP2', 'WWTR1', 'XAB2', 'XAF1', 'XAGE1A', 'XAGE2', 'XAGE3', 'XBP1', 'XCL1', 'XCL2', 'XCR1', 'XDH', 'XIAP', 'XIRP1', 'XIRP2', 'XK', 'XKR4', 'XKR7', 'XPA', 'XPC', 'XPNPEP1', 'XPNPEP3', 'XPO1', 'XPO4', 'XPO5', 'XPO6', 'XPO7', 'XPOT', 'XRCC1', 'XRCC2', 'XRCC3', 'XRCC4', 'XRCC5', 'XRCC6', 'XRN1', 'XRN2', 'YAE1', 'YAF2', 'YAP1', 'YARS1', 'YBEY', 'YBX1', 'YBX3', 'YEATS2', 'YEATS4', 'YES1', 'YIF1A', 'YIF1B', 'YIPF1', 'YIPF2', 'YIPF3', 'YIPF4', 'YIPF5', 'YIPF6', 'YJEFN3', 'YJU2', 'YJU2B', 'YKT6', 'YLPM1', 'YME1L1', 'YOD1', 'YPEL2', 'YPEL5', 'YRDC', 'YTHDC1', 'YTHDC2', 'YTHDF1', 'YTHDF2', 'YTHDF3', 'YWHAB', 'YWHAE', 'YWHAG', 'YWHAH', 'YWHAQ', 'YWHAZ', 'YY1', 'YY1AP1', 'ZAP70', 'ZAR1', 'ZBED1', 'ZBED4', 'ZBP1', 'ZBTB1', 'ZBTB10', 'ZBTB14', 'ZBTB16', 'ZBTB17', 'ZBTB18', 'ZBTB2', 'ZBTB21', 'ZBTB22', 'ZBTB24', 'ZBTB25', 'ZBTB26', 'ZBTB3', 'ZBTB33', 'ZBTB34', 'ZBTB38', 'ZBTB39', 'ZBTB4', 'ZBTB40', 'ZBTB42', 'ZBTB43', 'ZBTB44', 'ZBTB45', 'ZBTB47', 'ZBTB48', 'ZBTB49', 'ZBTB5', 'ZBTB6', 'ZBTB7A', 'ZBTB7B', 'ZBTB8A', 'ZBTB8B', 'ZBTB8OS', 'ZBTB9', 'ZC2HC1A', 'ZC2HC1B', 'ZC2HC1C', 'ZC3H10', 'ZC3H11A', 'ZC3H12A', 'ZC3H12C', 'ZC3H12D', 'ZC3H13', 'ZC3H14', 'ZC3H15', 'ZC3H18', 'ZC3H4', 'ZC3H7A', 'ZC3H7B', 'ZC3H8', 'ZC3HAV1', 'ZC3HC1', 'ZC4H2', 'ZCCHC10', 'ZCCHC12', 'ZCCHC13', 'ZCCHC14', 'ZCCHC17', 'ZCCHC3', 'ZCCHC7', 'ZCCHC8', 'ZCRB1', 'ZCWPW1', 'ZCWPW2', 'ZDHHC1', 'ZDHHC11', 'ZDHHC12', 'ZDHHC15', 'ZDHHC16', 'ZDHHC17', 'ZDHHC19', 'ZDHHC20', 'ZDHHC21', 'ZDHHC22', 'ZDHHC23', 'ZDHHC24', 'ZDHHC4', 'ZDHHC5', 'ZDHHC6', 'ZDHHC7', 'ZEB1', 'ZEB2', 'ZER1', 'ZFAND1', 'ZFAND2A', 'ZFAND2B', 'ZFAND3', 'ZFAND5', 'ZFAND6', 'ZFAT', 'ZFC3H1', 'ZFHX2', 'ZFHX3', 'ZFP1', 'ZFP14', 'ZFP2', 'ZFP3', 'ZFP36', 'ZFP36L1', 'ZFP36L2', 'ZFP41', 'ZFP42', 'ZFP57', 'ZFP64', 'ZFP69B', 'ZFP90', 'ZFP91', 'ZFPL1', 'ZFPM1', 'ZFPM2', 'ZFR', 'ZFTRAF1', 'ZFY', 'ZFYVE1', 'ZFYVE16', 'ZFYVE19', 'ZFYVE21', 'ZFYVE26', 'ZFYVE27', 'ZFYVE28', 'ZFYVE9', 'ZG16', 'ZG16B', 'ZGPAT', 'ZGRF1', 'ZHX1', 'ZHX1-C8orf76', 'ZHX2', 'ZHX3', 'ZIC1', 'ZIC2', 'ZIC3', 'ZIK1', 'ZIM2', 'ZIM3', 'ZKSCAN1', 'ZKSCAN3', 'ZKSCAN4', 'ZKSCAN7', 'ZKSCAN8', 'ZMAT2', 'ZMAT3', 'ZMAT4', 'ZMAT5', 'ZMIZ2', 'ZMPSTE24', 'ZMYM2', 'ZMYM3', 'ZMYM4', 'ZMYM5', 'ZMYM6', 'ZMYND10', 'ZMYND11', 'ZMYND12', 'ZMYND19', 'ZMYND8', 'ZNF10', 'ZNF100', 'ZNF101', 'ZNF106', 'ZNF107', 'ZNF114', 'ZNF12', 'ZNF121', 'ZNF124', 'ZNF131', 'ZNF133', 'ZNF134', 'ZNF135', 'ZNF136', 'ZNF138', 'ZNF140', 'ZNF143', 'ZNF146', 'ZNF148', 'ZNF155', 'ZNF16', 'ZNF165', 'ZNF169', 'ZNF17', 'ZNF174', 'ZNF177', 'ZNF18', 'ZNF180', 'ZNF185', 'ZNF19', 'ZNF2', 'ZNF20', 'ZNF200', 'ZNF202', 'ZNF205', 'ZNF207', 'ZNF212', 'ZNF213', 'ZNF217', 'ZNF219', 'ZNF22', 'ZNF221', 'ZNF223', 'ZNF224', 'ZNF225', 'ZNF227', 'ZNF229', 'ZNF23', 'ZNF230', 'ZNF232', 'ZNF236', 'ZNF239', 'ZNF24', 'ZNF248', 'ZNF25', 'ZNF250', 'ZNF251', 'ZNF253', 'ZNF256', 'ZNF26', 'ZNF260', 'ZNF263', 'ZNF264', 'ZNF266', 'ZNF268', 'ZNF273', 'ZNF274', 'ZNF275', 'ZNF276', 'ZNF280A', 'ZNF280C', 'ZNF280D', 'ZNF281', 'ZNF282', 'ZNF285', 'ZNF286A', 'ZNF296', 'ZNF3', 'ZNF300', 'ZNF302', 'ZNF304', 'ZNF317', 'ZNF319', 'ZNF32', 'ZNF320', 'ZNF326', 'ZNF329', 'ZNF331', 'ZNF333', 'ZNF334', 'ZNF335', 'ZNF33B', 'ZNF34', 'ZNF341', 'ZNF343', 'ZNF345', 'ZNF346', 'ZNF35', 'ZNF350', 'ZNF354C', 'ZNF365', 'ZNF366', 'ZNF383', 'ZNF385C', 'ZNF394', 'ZNF395', 'ZNF396', 'ZNF397', 'ZNF398', 'ZNF404', 'ZNF408', 'ZNF41', 'ZNF410', 'ZNF414', 'ZNF415', 'ZNF417', 'ZNF418', 'ZNF419', 'ZNF420', 'ZNF423', 'ZNF425', 'ZNF426', 'ZNF428', 'ZNF432', 'ZNF433', 'ZNF436', 'ZNF438', 'ZNF439', 'ZNF440', 'ZNF441', 'ZNF444', 'ZNF445', 'ZNF446', 'ZNF449', 'ZNF451', 'ZNF460', 'ZNF461', 'ZNF462', 'ZNF467', 'ZNF471', 'ZNF473', 'ZNF474', 'ZNF479', 'ZNF48', 'ZNF480', 'ZNF485', 'ZNF488', 'ZNF490', 'ZNF491', 'ZNF493', 'ZNF496', 'ZNF497', 'ZNF500', 'ZNF501', 'ZNF502', 'ZNF503', 'ZNF511', 'ZNF512', 'ZNF512B', 'ZNF513', 'ZNF516', 'ZNF521', 'ZNF524', 'ZNF526', 'ZNF534', 'ZNF540', 'ZNF541', 'ZNF543', 'ZNF544', 'ZNF547', 'ZNF549', 'ZNF550', 'ZNF552', 'ZNF554', 'ZNF555', 'ZNF557', 'ZNF558', 'ZNF559', 'ZNF563', 'ZNF564', 'ZNF566', 'ZNF567', 'ZNF569', 'ZNF57', 'ZNF572', 'ZNF574', 'ZNF575', 'ZNF576', 'ZNF577', 'ZNF578', 'ZNF579', 'ZNF580', 'ZNF581', 'ZNF582', 'ZNF587', 'ZNF592', 'ZNF593', 'ZNF595', 'ZNF596', 'ZNF597', 'ZNF598', 'ZNF599', 'ZNF600', 'ZNF607', 'ZNF613', 'ZNF614', 'ZNF618', 'ZNF620', 'ZNF621', 'ZNF622', 'ZNF623', 'ZNF624', 'ZNF625', 'ZNF627', 'ZNF628', 'ZNF629', 'ZNF638', 'ZNF639', 'ZNF641', 'ZNF646', 'ZNF648', 'ZNF649', 'ZNF653', 'ZNF655', 'ZNF660', 'ZNF662', 'ZNF664', 'ZNF667', 'ZNF668', 'ZNF669', 'ZNF670', 'ZNF672', 'ZNF675', 'ZNF679', 'ZNF683', 'ZNF687', 'ZNF688', 'ZNF689', 'ZNF69', 'ZNF691', 'ZNF692', 'ZNF695', 'ZNF696', 'ZNF697', 'ZNF699', 'ZNF70', 'ZNF702P', 'ZNF703', 'ZNF704', 'ZNF705D', 'ZNF707', 'ZNF71', 'ZNF710', 'ZNF711', 'ZNF726', 'ZNF740', 'ZNF746', 'ZNF747', 'ZNF750', 'ZNF75A', 'ZNF76', 'ZNF763', 'ZNF764', 'ZNF765', 'ZNF766', 'ZNF768', 'ZNF77', 'ZNF772', 'ZNF773', 'ZNF774', 'ZNF775', 'ZNF776', 'ZNF777', 'ZNF778', 'ZNF780A', 'ZNF783', 'ZNF784', 'ZNF785', 'ZNF786', 'ZNF789', 'ZNF79', 'ZNF791', 'ZNF792', 'ZNF793', 'ZNF8', 'ZNF80', 'ZNF821', 'ZNF827', 'ZNF829', 'ZNF83', 'ZNF830', 'ZNF837', 'ZNF84', 'ZNF843', 'ZNF844', 'ZNF846', 'ZNF85', 'ZNF860', 'ZNF883', 'ZNF92', 'ZNG1A', 'ZNG1C', 'ZNHIT1', 'ZNHIT2', 'ZNHIT3', 'ZNHIT6', 'ZNRD2', 'ZNRF1', 'ZNRF3', 'ZNRF4', 'ZP1', 'ZP2', 'ZP3', 'ZP4', 'ZPR1', 'ZRANB1', 'ZRANB2', 'ZRANB3', 'ZRSR2', 'ZSCAN1', 'ZSCAN10', 'ZSCAN12', 'ZSCAN16', 'ZSCAN18', 'ZSCAN20', 'ZSCAN21', 'ZSCAN22', 'ZSCAN23', 'ZSCAN25', 'ZSCAN26', 'ZSCAN29', 'ZSCAN30', 'ZSCAN31', 'ZSCAN32', 'ZSCAN4', 'ZSCAN5A', 'ZSCAN5B', 'ZSCAN9', 'ZSWIM3', 'ZSWIM7', 'ZSWIM9', 'ZUP1', 'ZW10', 'ZWILCH', 'ZWINT', 'ZXDA', 'ZXDB', 'ZXDC', 'ZYG11B', 'ZYX', 'ZZEF1', 'ZZZ3']",MLT1J1,LTR,241
